Canyon 1
1 03334U 68063A   12247.83905590 0.00000000  00000-0  00000-0 0    04
2 03334  15.1186 341.9604 0928367  86.4179 284.1421  0.99234082    03
Canyon 2
1 03889U 69036A   12343.02421006 0.00000000  00000-0  00000-0 0    03
2 03889   3.6968 103.7316 0913938  35.2156 330.4920  1.00390210    05
Rhyolite 1
1 04418U 70046A   13008.38247305 0.00000000  00000-0  00000-0 0    01
2 04418   8.3682 313.5134 0015301 104.8949 255.2867  1.00254620    06
Canyon 3
1 04510U 70069A   11301.92560429 0.00000000  00000-0  00000-0 0    08
2 04510  17.1439 288.0943 0865758 254.3985  95.8944  1.00158302    05
DSP F2
1 05204U 71039A   12226.03992236 0.00000000  00000-0  00000-0 0    01
2 05204  10.3040 322.2384 0016888 251.0838 108.7430  0.98154918    01
DSP F2 r
1 05205U 71039B   12326.60931449 0.00000000  00000-0  00000-0 0    05
2 05205   8.8648 316.3597 0030488 344.1665  15.7503  1.00425819    05
NOSS 0 (A)
1 05678U 71110A   11043.05212712 0.00000050  00000-0  53368-4 0    02
2 05678  69.9760  54.1870 0007000  13.1433 346.8566 13.73826431    08
NOSS 0 r
1 05679U 71110B   13003.07491815 0.00000200  00000-0  17621-3 0    04
2 05679  69.9890 238.2031 0013000 268.6464  91.3535 13.85123066    00
NOSS 0 (C)
1 05680U 71110C   12315.03277685 0.00000035  00000-0  37035-4 0    02
2 05680  69.9820 169.4390 0007500 284.7181  75.2819 13.74344542    09
NOSS 0 (D)
1 05681U 71110D   12337.22715012 0.00000050  00000-0  52977-4 0    08
2 05681  69.9815 125.4444 0009000 252.5909 107.4091 13.74259802    08
NOSS 0 (E)
1 05682U 71110E   13010.50805565 0.00000040  00000-0  42389-4 0    07
2 05682  69.9803  44.1446 0005000 185.1675 174.8325 13.74261293    07
DSP F3
1 05851U 72010A   12343.68635513 0.00000000  00000-0  00000-0 0    02
2 05851  10.0145 320.3207 0004914 244.8932 115.0679  0.99779338    03
DSP F3 r
1 05854U 72010B   12294.03472462 0.00000000  00000-0  00000-0 0    01
2 05854   9.5548 319.2309 0057970  17.2584 342.9532  1.00673848    02
Canyon 5
1 06317U 72101A   12170.91578279 0.00000000  00000-0  00000-0 0    00
2 06317  19.6469 327.7285 1333000 298.8722  48.3987  1.00383342    09
Canyon 5 r
1 06318U 72101B   12347.66347589 0.00000000  00000-0  00000-0 0    07
2 06318  18.4160 320.9361 1270392 358.9861   0.7790  1.02313905    05
Rhyolite 2
1 06380U 73013A   12343.47462752 0.00000000  00000-0  00000-0 0    04
2 06380  10.6042 322.4753 0029366 134.8294 225.4257  1.00266739    06
DSP F4
1 06691U 73040A   13014.44535101 0.00000000  00000-0  00000-0 0    01
2 06691  11.1249 321.0716 0004161 225.2943 134.6838  0.99806865    05
DMSP 7
1 07816U 75043A   13017.70047802 0.00000220  00000-0  96968-4 0    00
2 07816  98.6690 189.7094 0053000 329.3874  30.6125 14.22695068    04
Canyon 6
1 07963U 75055A   12343.62623213 0.00000000  00000-0  00000-0 0    08
2 07963  20.4612 330.6475 1296462 266.1648  78.9625  1.00305787    01
Canyon 6 r
1 07964U 75055B   12343.68720642 0.00000000  00000-0  00000-0 0    09
2 07964  19.5449 326.4236 1318273 325.6512  26.4824  1.02084812    07
DSP F5
1 08482U 75118A   12343.49441363 0.00000000  00000-0  00000-0 0    04
2 08482  12.2858 327.5500 0027103 219.8077 140.0052  1.00492659    07
DSP F5 r2
1 08516U 75118C   12343.58028580 0.00000000  00000-0  00000-0 0    04
2 08516  12.2505 327.6231 0014855  67.6468 292.5226  1.00544773    00
NOSS 1 (A)
1 08818U 76038A   12359.23086947 0.00006000  00000-0  36173-3 0    00
2 08818  63.2870 117.6813 0861516 103.4638 256.5362 13.69907135    05
NOSS 1 (C)
1 08835U 76038C   13009.24963869 0.00004600  00000-0  33466-3 0    06
2 08835  63.2940  87.3345 0854397 105.5071 254.4929 13.66696081    06
NOSS 1 (D)
1 08836U 76038D   13015.71261215 0.00005500  00000-0  34884-3 0    07
2 08836  63.2895  77.5450 0863144 104.0656 255.9344 13.68328217    09
NOSS 1 (J)
1 08884U 76038J   13013.23009901 0.00004000  00000-0  29140-3 0    00
2 08884  63.2920  76.6298 0854480 105.5277 254.4723 13.66645118    04
DSP F6
1 08916U 76059A   13008.48721563 0.00000000  00000-0  00000-0 0    02
2 08916  13.1481 330.7265 0007371 113.0830 247.0068  0.99472054    01
DSP F6 r2
1 08918U 76059C   12210.95431372 0.00000000  00000-0  00000-0 0    06
2 08918  12.7365 330.3314 0016297 102.0938 258.1009  1.00560772    00
AMS 1(DMSP F1)
1 09415U 76091A   13012.82668083 0.00000140  00000-0  58763-4 0    01
2 09415  98.6772 273.4437 0016500 244.3734 115.6264 14.25906416    02
DSP F7
1 09803U 77007A   13005.82801996 0.00000000  00000-0  00000-0 0    06
2 09803  14.0934 336.0687 0071616 266.4863  92.7063  0.97527043    06
DSP F7 r2
1 09855U 77007C   11273.24881883 0.00000000  00000-0  00000-0 0    07
2 09855  13.4213 335.5554 0014927 259.9698  99.8963  1.00209950    04
DSP F7 Cover
1 09856U 77007D   12001.00000000  .00000000  00000-0  00000-0 0    06
2 09856  13.2264 332.4263 0273428 343.7183 202.9579  1.00597416    03
Canyon 7
1 10016U 77038A   12250.84899786 0.00000000  00000-0  00000-0 0    05
2 10016  11.5229   3.3224 1245187   5.4886 355.7607  1.00307047    08
AMS 2(DMSP F2)
1 10033U 77044A   12265.97840346 0.00000180  00000-0  71579-4 0    01
2 10033  99.0425  13.5648 0040000 329.4456  30.5543 14.28315676    05
NOSS 2 (A)
1 10502U 77112A   13003.71817821 0.00007200  00000-0  42968-3 0    02
2 10502  63.2984 238.5433 0925139  71.8253 288.1747 13.56920887    01
Rhyolite 3
1 10508U 77114A   12253.26685618 0.00000000  00000-0  00000-0 0    02
2 10508  18.9402 345.0375 0021199 224.9608 134.8793  1.00159554    05
NOSS 2 (D)
1 10529U 77112D   13007.04767667 0.00006500  00000-0  42941-3 0    06
2 10529  63.2930 230.9553 0921527  76.6232 283.3768 13.55227447    08
NOSS 2 (E)
1 10544U 77112E   13007.04273263 0.00006200  00000-0  41019-3 0    09
2 10544  63.2950 231.2820 0920772  76.3330 283.6670 13.55348514    09
NOSS 2 (F)
1 10594U 77112F   13008.70017588 0.00007000  00000-0  41871-3 0    09
2 10594  63.2950 233.5552 0928493  72.8337 287.1663 13.56167082    08
FleetSatCom 1
1 10669U 78016A   12343.77923982 0.00000000  00000-0  00000-0 0    07
2 10669  15.3861 345.5629 0005601 132.9041 227.1550  0.99002805    09
Rhyolite 4
1 10787U 78038A   13008.69840685 0.00000000  00000-0  00000-0 0    00
2 10787  10.6643 342.4760 0018891 176.3224 183.7036  1.00468978    04
Vortex 1
1 10941U 78058A   12050.90899540 0.00000000  00000-0  00000-0 0    08
2 10941   5.0937  37.2847 1413923 305.0231  42.5410  1.00095228    02
Vortex 1 r
1 10942U 78058B   12251.04687975 0.00000000  00000-0  00000-0 0    04
2 10942   5.1585  32.0089 1498375  25.5389 341.1815  0.99621378    01
AMS 4(DMSP F4)
1 11389U 79050A   13018.76857026 0.00000130  00000-0  53099-4 0    04
2 11389  98.5238  80.8066 0013000 158.8563 201.1436 14.27339218    04
DSP F8
1 11397U 79053A   13018.48146397 0.00000000  00000-0  00000-0 0    03
2 11397  15.1142 347.2546 0010516 134.8434 225.2541  0.98739733    08
DSP F8 r2
1 11436U 79053C   12289.04336670 0.00000000  00000-0  00000-0 0    03
2 11436  14.8878 347.1848 0058432 155.1223 205.1727  0.99439649    06
Vortex 2
1 11558U 79086A   12294.18782602 0.00000000  00000-0  00000-0 0    05
2 11558   6.8309 355.3329 1223461 358.8738   0.8758  1.00146909    07
Vortex 2 r2
1 11560U 79086C   13015.58642404 0.00000000  00000-0  00000-0 0    09
2 11560   7.1242 353.7257 1319666  55.4518 316.3192  0.99670505    09
NOSS 3 (A)
1 11720U 80019A   13012.70256472 0.00007000  00000-0  74562-3 0    06
2 11720  63.3651 272.3614 0900238   2.6661 357.3338 13.47225581    05
NOSS 3 (C)
1 11731U 80019C   13008.72573244 0.00009600  00000-0  65556-3 0    05
2 11731  63.3381 241.4232 0932702  15.0354 344.9646 13.52101311    02
NOSS 3 (D)
1 11732U 80019D   13007.06613743 0.00009500  00000-0  60982-3 0    08
2 11732  63.3362 247.2019 0941751  13.6459 346.3541 13.51722177    01
NOSS 3 (G)
1 11745U 80019G   13014.76712241 0.00006700  00000-0  74394-3 0    01
2 11745  63.3670 281.8114 0900064   1.3979 358.6021 13.46113165    04
KH 9-16 Elint
1 11852U 80052C   07037.75716387 0.00000000  00000-0  00000-0 0    06
2 11852  96.6070 232.9848 0001500 260.4487  99.5512 12.83316382    08
Ekran 5
1 11890U 80060A   12001.00000000  .00000000  00000-0  00000-0 0    00
2 11890  14.3781 344.0081 0013893  50.9337 121.4770  1.00382289    01
DSP F4 r
1 11940U 73040B   12307.89134473 0.00000000  00000-0  00000-0 0    04
2 11940  11.3904 322.0911 0028648 280.4181  79.2712  0.99561385    09
FleetSatCom 4
1 12046U 80087A   12247.87633709 0.00000000  00000-0  00000-0 0    08
2 12046  15.0050 353.6329 0006445  60.9621 299.1144  0.98943494    00
DSP F9
1 12339U 81025A   12339.79144971 0.00000000  00000-0  00000-0 0    07
2 12339  15.0799 353.0526 0015416 141.8742 218.2595  0.98827828    03
DSP F9 r2
1 12371U 81025C   13005.90325269 0.00000000  00000-0  00000-0 0    08
2 12371  14.0922 349.5056 0051010 180.5179 179.4889  1.01333783    09
Vortex 3
1 12930U 81107A   12295.32433961 0.00000000  00000-0  00000-0 0    05
2 12930   7.7142 358.7703 0913256 291.7157  58.8033  1.00237838    08
Vortex 3 r2
1 12932U 81107C   12326.73283394 0.00000000  00000-0  00000-0 0    00
2 12932   7.7501 350.9514 0986310  42.3404 324.8932  0.99596361    09
DSP F10
1 13086U 82019A   12343.81347801 0.00000000  00000-0  00000-0 0    06
2 13086  15.6721 357.0039 0004846 101.1366 258.9299  0.98186335    06
DSP F10 r
1 13089U 82019B   12343.68381156 0.00000000  00000-0  00000-0 0    05
2 13089  14.5289 352.9328 0014002  28.4615 331.6269  1.01252021    01
KH 9-17 Elint
1 13172U 82041C   12364.69141929 0.00001200  00000-0  14316-3 0    00
2 13172  95.9689 154.4774 0003000  63.6848 296.3150 14.84354199    06
DSCS 3-1
1 13637U 82106B   12250.86101295 0.00000000  00000-0  00000-0 0    02
2 13637  14.5998  18.0329 0018237  64.9642 295.2371  0.97823429    06
NOSS 4 (A)
1 13791U 83008A   13013.22948040 0.00001400  00000-0  20788-3 0    03
2 13791  63.3214 151.5209 0866261  44.7173 315.2827 13.44506534    03
NOSS 4 (E)
1 13844U 83008E   12351.74362445 0.00001900  00000-0  29769-3 0    05
2 13844  63.3280 234.5145 0862028  44.0263 315.9737 13.43723814    04
NOSS 4 (F)
1 13845U 83008F   13015.23887139 0.00001700  00000-0  26016-3 0    00
2 13845  63.3280 155.8549 0865000  47.8037 312.1963 13.43848255    08
NOSS 4 (H)
1 13874U 83008H   13019.23586249 0.00001400  00000-0  21225-3 0    08
2 13874  63.3290 144.9558 0865812  47.8393 312.1607 13.43970037    05
NOSS 5 (A)
1 14112U 83056A   13014.04210894 0.00000950  00000-0  15611-3 0    02
2 14112  63.3250  11.6349 0854000  41.6540 318.3460 13.43853372    05
KH 9-18 Elint
1 14139U 83060C   07163.64774262 0.00000023  00000-0  83610-4 0    00
2 14139  96.6588 162.8700 0001784 357.9710   2.0289 12.93732462    08
NOSS 5 (C)
1 14143U 83056C   13014.02702788 0.00000900  00000-0  14802-3 0    08
2 14143  63.3280  15.9985 0856000  45.2145 314.7855 13.43430401    00
NOSS 5 (D)
1 14144U 83056D   13014.02593000 0.00000900  00000-0  14811-3 0    04
2 14144  63.3330  17.1999 0856000  45.1590 314.8410 13.43412004    06
NOSS 5 (G)
1 14180U 83056G   13018.00543046 0.00000800  00000-0  13239-3 0    03
2 14180  63.3290   9.5217 0856000  41.4552 318.5448 13.43238838    09
Vortex 4
1 14675U 84009A   13008.74100572 0.00000000  00000-0  00000-0 0    05
2 14675   7.9043 355.5297 1044327 312.8808  38.8314  1.00232558    08
Vortex 4 r2
1 14677U 84009C   12289.11291642 0.00000000  00000-0  00000-0 0    07
2 14677   8.0922 357.3152 0992519  15.8952 347.0392  0.99439576    09
NOSS 6 (A)
1 14690U 84012A   13015.23620410 0.00001000  00000-0  17549-3 0    06
2 14690  63.3380  85.6367 0847005  35.5960 324.4040 13.43185191    05
NOSS 6 (C)
1 14728U 84012C   13015.23465039 0.00000900  00000-0  16377-3 0    08
2 14728  63.3290  96.1706 0845000  42.2533 317.7467 13.42436129    02
NOSS 6 (D)
1 14729U 84012D   12359.26572504 0.00000800  00000-0  14192-3 0    00
2 14729  63.3330 151.7721 0849000  41.2125 318.7875 13.42451972    00
NOSS 6 (F)
1 14795U 84012F   13015.22026080 0.00000800  00000-0  14383-3 0    04
2 14795  63.3370 101.0217 0847000  35.3565 324.6435 13.42423780    09
DSP F11
1 14930U 84037A   12247.85662483 0.00000000  00000-0  00000-0 0    00
2 14930  15.4443   3.9110 0006556 111.5655 248.5164  0.98670547    06
DSP F11 r
1 14931U 84037B   12309.93817923 0.00000000  00000-0  00000-0 0    00
2 14931  14.5645   0.4071 0030678 174.9279 185.1132  1.01158927    05
USA 3
1 15071U 84065C   12037.01870702 0.00001300  00000-0  14942-3 0    05
2 15071  95.8937  49.4371 0002010  48.3066 311.6932 14.85892332    05
Canyon 7 r
1 15422U 77038C   12294.22268384 0.00000000  00000-0  00000-0 0    05
2 15422  11.0485   1.3382 1501681  54.3084 318.7693  1.02334013    02
DSP F12
1 15453U 84129A   12295.30368044 0.00000000  00000-0  00000-0 0    02
2 15453  15.7473   9.3268 0003224  55.1512 304.8911  0.98854612    04
DSP F12 r
1 15454U 84129B   12289.04728836 0.00000000  00000-0  00000-0 0    06
2 15454  15.1094   6.8785 0011837  76.1062 284.0374  1.01145036    06
Magnum 1
1 15543U 85010B   12247.83769613 0.00000000  00000-0  00000-0 0    04
2 15543  17.4672   9.3728 0017843 251.3442 108.1568  1.00270038    00
Magnum 1 r2
1 15545U 85010D   13005.82691083 0.00000000  00000-0  00000-0 0    03
2 15545  17.6247   8.7479 0027146 148.3506 211.8250  1.00807082    06
DSCS 3-2
1 16116U 85092B   12323.93224025 0.00000000  00000-0  00000-0 0    00
2 16116  13.6954  32.3980 0005388   4.0580 355.9584  0.98992730    07
DSCS 3-3
1 16117U 85092C   12343.75674862 0.00000000  00000-0  00000-0 0    01
2 16117  13.5351  33.7868 0004896  11.1429 348.8799  0.99317979    08
DSCS 3-2 r2
1 16119U 85092E   12112.67622102 0.00000000  00000-0  00000-0 0    08
2 16119  14.9666   7.4305 0060107  37.9975 322.4245  1.01082609    04
NOSS 7 (A)
1 16591U 86014A   12359.25044753 0.00000800  00000-0  21091-3 0    08
2 16591  63.3504 121.3959 0782000  25.3766 334.6234 13.42229695    09
NOSS 7 (D)
1 16623U 86014D   12337.03515227 0.00000600  00000-0  15909-3 0    04
2 16623  63.3442 188.3056 0786000  33.0629 326.9371 13.41265713    01
NOSS 7 (E)
1 16624U 86014E   13013.22137170 0.00000300  00000-0  78090-4 0    03
2 16624  63.3450  79.2814 0789000  33.3486 326.6514 13.41343605    01
NOSS 7 (H)
1 16631U 86014H   13015.76018499 0.00000400  00000-0  10528-3 0    06
2 16631  63.3460  78.6530 0787000  25.0794 334.9206 13.41337707    02
FleetSatCom 7
1 17181U 86096A   12001.00000000  .00000000  00000-0  00000-0 0    04
2 17181  13.2850  28.0187 0025021  87.9168  83.6884  1.00285654    02
NOSS 8 (A)
1 17997U 87043A   13015.73084988 0.00001700  00000-0  47079-3 0    03
2 17997  63.3540 332.6023 0772000  23.7096 336.2903 13.42382252    06
NOSS 8 (E)
1 18009U 87043E   13015.77963742 0.00000400  00000-0  12393-3 0    03
2 18009  63.3530 355.3160 0755000  24.5339 335.4661 13.41508952    02
NOSS 8 (F)
1 18010U 87043F   13017.71952637 0.00000450  00000-0  13800-3 0    01
2 18010  63.3560 350.3707 0757006  24.3787 335.6213 13.41511830    06
NOSS 8 (H)
1 18025U 87043H   13015.76211524 0.00000300  00000-0  98395-4 0    00
2 18025  63.3562 357.7736 0744000  20.0392 339.9608 13.41447132    00
DSP F13
1 18583U 87097A   13019.98067271 0.00000000  00000-0  00000-0 0    03
2 18583  13.6990  19.1041 0023292 139.3391 220.8472  0.98381911    03
DSP F13 r
1 18584U 87097B   12343.68577718 0.00000000  00000-0  00000-0 0    02
2 18584  13.0832  17.0115 0008923 106.3248 253.7854  1.01235724    05
USA 32
1 19460U 88078A   13015.74415800 0.00000150  00000-0  54878-4 0    05
2 19460  84.9872  78.3293 0002500 217.0329 142.9669 14.33013891    03
Vortex 6
1 19976U 89035A   13021.45990462 0.00000000  00000-0  00000-0 0    06
2 19976   7.2261  13.9894 0971938 244.0442 105.7023  1.00424830    03
Vortex 6 r2
1 19983U 89035C   12084.64758952 0.00000000  00000-0  00000-0 0    09
2 19983   7.2476  13.6239 1012426 307.1658  44.0103  0.99423746    04
DSP F14
1 20066U 89046A   12324.78461080 0.00000000  00000-0  00000-0 0    00
2 20066  13.5848  24.8597 0002244  22.8444 337.1776  0.98817732    05
DSP F14 r3
1 20069U 89046D   12187.19382019 0.00000000  00000-0  00000-0 0    09
2 20069  13.0736  25.9144 0043213 234.3300 125.2790  1.01304668    07
DSCS 2-15
1 20202U 89069A   12250.91435358 0.00000000  00000-0  00000-0 0    09
2 20202  14.3730  22.1386 0017890 120.9338 239.2611  0.98603914    03
DSCS 3-4
1 20203U 89069B   12251.22497877 0.00000000  00000-0  00000-0 0    09
2 20203  10.4956  49.7880 0006153 227.2608 132.6994  0.99117636    08
DSCS 2-15 r2
1 20205U 89069D   12252.21681565 0.00000000  00000-0  00000-0 0    00
2 20205  14.0300  15.5789 0065970 208.9678 150.6766  1.01241515    02
FleetSatCom 8
1 20253U 89077A   12343.91408991 0.00000000  00000-0  00000-0 0    00
2 20253  11.4376  31.6211 0010721  14.5857 345.3825  1.00270000    01
USA 40 r
1 20344U 89061D   13013.98299016 0.00000140  00000-0  11929-3 0    02
2 20344  57.0019 212.9309 3558361 297.3314  62.6685  7.86350197    02
Magnum 2
1 20355U 89090B   12247.89896635 0.00000000  00000-0  00000-0 0    04
2 20355  16.3043  37.8697 0269330 326.8935  31.4510  1.00270000    07
Magnum 2 r2
1 20357U 89090D   13005.96539511 0.00000000  00000-0  00000-0 0    04
2 20357  16.6494  36.7581 0331135 324.8331  33.0371  0.99514470    05
NOSS 2-1 (A)
1 20641U 90050A   13015.77409894 0.00000000  00000-0  00000-0 0    08
2 20641  63.4415 328.9947 4040863 266.2695  47.9204  6.02586157    07
NOSS 2-1 (E)
1 20642U 90050E   13003.50857910 0.00000060  00000-0  30398-4 0    06
2 20642  63.3760  69.3474 0652000  11.9000 348.1000 13.40694360    00
NOSS 2-1 (C)
1 20691U 90050C   13020.06448940 0.00000090  00000-0  44470-4 0    08
2 20691  63.3710  26.6097 0658000  14.6266 345.3734 13.40704064    02
NOSS 2-1 (D)
1 20692U 90050D   13020.06551579 0.00000100  00000-0  49410-4 0    03
2 20692  63.3720  26.1525 0658000  15.3042 344.6958 13.40705144    05
DSP F15
1 20929U 90095A   13005.86206742 0.00000000  00000-0  00000-0 0    02
2 20929  14.0580  28.5455 0007482 354.8508   5.1535  0.98393870    01
DSP F15 r3
1 20932U 90095D   12171.22307058 0.00000000  00000-0  00000-0 0    01
2 20932  13.7414  31.2091 0070191 322.5881  36.9045  0.99920508    00
SDS 2-2
1 20963U 90097B   12291.78117072 0.00000000  00000-0  00000-0 0    06
2 20963  15.5599  23.0040 0126164 174.9998 185.1398  1.00266229    05
NOSS 2-2 (A)
1 21775U 91076A   13015.82999118 0.00000000  00000-0  00000-0 0    05
2 21775  63.3634  69.1693 3357960 267.6121  54.2806  5.53395112    00
DMSP B5D2-6
1 21798U 91082A   13019.24442078 0.00000110  00000-0  55821-4 0    02
2 21798  98.7901   6.6202 0013000 204.6934 155.3065 14.15978005    06
NOSS 2-2 (C)
1 21799U 91076C   13014.76512861 0.00000200  00000-0  11844-3 0    02
2 21799  63.3870 296.9718 0614000  11.0129 348.9871 13.40437602    04
DSP F16
1 21805U 91080B   12357.23798549 0.00000000  00000-0  00000-0 0    02
2 21805  13.6599  31.5083 0011492 210.3022 149.6417  1.00270000    00
DSP F16 r
1 21807U 91080D   12251.12505900 0.00000000  00000-0  00000-0 0    02
2 21807  13.2971  32.0608 0019427 218.7481 141.1245  1.01271414    05
NOSS 2-2 (D)
1 21808U 91076D   13014.76415118 0.00000140  00000-0  83375-4 0    02
2 21808  63.3810 297.2459 0612500  10.9730 349.0270 13.40442723    09
NOSS 2-2 (E)
1 21809U 91076E   13014.71744021 0.00000200  00000-0  12070-3 0    06
2 21809  63.3830 296.8759 0607500   7.6942 352.3058 13.40692769    00
DSCS 3-5
1 21873U 92006A   12343.95108444 0.00000000  00000-0  00000-0 0    09
2 21873  11.0358  47.4834 0002218 257.2162 102.7710  0.99037485    02
DSCS 3-5 r2
1 21877U 92006C   12251.00345703 0.00000000  00000-0  00000-0 0    08
2 21877  10.8413  15.1124 0638881 300.1258  59.8747  1.10775530    00
USA 81
1 21949U 92023A   13017.70875604 0.00000100  00000-0  38045-4 0    08
2 21949  85.0060  16.6384 0001000  42.2484 317.7514 14.31035031    08
DSCS 3-6
1 22009U 92037A   12001.00000000  .00000000  00000-0  00000-0 0    01
2 22009   8.7017  55.9100 0003480 327.5936 239.6200  0.99945356    00
DSCS 3-6 r2
1 22011U 92037C   12251.09847933 0.00000000  00000-0  00000-0 0    04
2 22011  13.6823  22.7503 0023621 313.6657  46.1507  1.01639193    01
USA 89 r
1 22519U 92086C   13022.68027983 0.00003100  00000-0  47611-3 0    04
2 22519  56.9166 276.6022 3180148 180.6231 179.3769  8.85095597    03
Alexis
1 22638U 93026A   12339.71528617 0.00000200  00000-0  72631-4 0    04
2 22638  69.9196  45.4364 0063000  81.2747 278.7253 14.32125900    08
Alexis r
1 22639U 93026B   13014.73354728 0.00000200  00000-0  74044-4 0    08
2 22639  69.9140 342.5454 0063000  50.4114 309.5886 14.31159001    08
DSCS 3-7
1 22719U 93046A   12251.24752308 0.00000000  00000-0  00000-0 0    08
2 22719   8.0579  56.4707 0005714 348.4829  11.5093  0.99048393    00
DSCS 3-7 r2
1 22738U 93046C   12102.45298221 0.00000000  00000-0  00000-0 0    06
2 22738  13.2327  28.1670 0090682 353.0381   6.8528  1.02122918    09
UFO F2
1 22787U 93056A   13001.74060773 0.00000000  00000-0  00000-0 0    01
2 22787   8.9187  37.2557 0004708 261.2101  98.7437  1.00274500    09
DSCS 3-8
1 22915U 93074A   12294.50740180 0.00000000  00000-0  00000-0 0    08
2 22915   7.8857  56.0179 0001797 332.2670  27.7355  1.00093213    09
DSCS 3-8 r
1 22916U 93074B   12050.89687977 0.00000000  00000-0  00000-0 0    05
2 22916  13.6679  31.7133 0006138 293.4259  66.5216  0.99254513    08
Milstar 1
1 22988U 94009A   13023.02275963 0.00000000  00000-0  00000-0 0    07
2 22988   9.0399  91.8045 0007226 241.1954 118.7405  1.00270000    07
Milstar 1 r
1 22989U 94009B   13008.01351238 0.00000000  00000-0  00000-0 0    00
2 22989   9.0048  82.2843 0009509  77.9332 282.1853  1.00578292    07
USA 102
1 23031U 94017B   12351.81747325 0.00012000  00000-0  29189-3 0    07
2 23031 105.0441 234.7626 0010297  97.4266 262.5733 15.40830300    01
UFO F3
1 23132U 94035A   12135.32853656 0.00000000  00000-0  00000-0 0    05
2 23132   8.3843  43.7216 0001270  19.4991 340.5177  1.00381580    08
Mercury 1
1 23223U 94054A   13018.67746558 0.00000000  00000-0  00000-0 0    08
2 23223   8.5649  50.6843 0021939  51.8470 308.3727  1.00270000    01
DMSP B5D2-7
1 23233U 94057A   12348.16802092 0.00000230  00000-0  11852-3 0    02
2 23233  98.9126 310.3474 0011000 242.1004 117.8995 14.15171272    08
Mercury 1 r
1 23247U 94054B   12350.69163071 0.00000000  00000-0  00000-0 0    07
2 23247  10.8379  31.7726 0116387 227.9847 131.0309  0.99581132    04
DSP F17
1 23435U 94084A   13025.90290012 0.00000000  00000-0  00000-0 0    09
2 23435  12.2725  40.8780 0008474  63.0718 297.0356  1.00270000    05
DSP F17 r3
1 23438U 94084D   12253.49531780 0.00000000  00000-0  00000-0 0    08
2 23438  11.8904  42.0407 0006204   5.1358 354.8825  1.01182243    03
UFO F4
1 23467U 95003A   11001.00000000  .00000000  00000-0  00000-0 0    05
2 23467   6.3148  45.4121 0003521 193.5451  43.6200  1.00265837    09
DMSP B5D2-8
1 23533U 95015A   13015.70839521 0.00000180  00000-0  92417-4 0    00
2 23533  98.7406  23.7045 0007000  97.2150 262.7848 14.15386296    06
Mentor 1
1 23567U 95022A   12001.00000000  .00000000  00000-0  00000-0 0    08
2 23567  10.4399  66.0436 0099435  21.4420 138.8957  1.00270808    06
Mentor 1 r
1 23568U 95022B   12339.80027521 0.00000000  00000-0  00000-0 0    08
2 23568  12.9522  64.1669 0006700 205.6733 154.3055  1.00562947    05
UFO F5
1 23589U 95027A   12252.42493577 0.00000000  00000-0  00000-0 0    06
2 23589   7.7532  41.0320 0012614 211.7917 148.1429  1.00270000    04
Helios 1A
1 23605U 95033A   12288.07076865 0.00001800  00000-0  20789-3 0    07
2 23605  98.1905 233.5765 0013343 239.6898 120.3101 14.85613689    09
DSCS 3-9
1 23628U 95038A   12001.00000000  .00000000  00000-0  00000-0 0    03
2 23628   7.0117  60.1690 0001153 235.9317 313.4090  1.00267184    00
DSCS 3-9 r2
1 23648U 95038C   12353.78076420 0.00000000  00000-0  00000-0 0    09
2 23648  13.1922  33.3928 0015297 201.3332 158.6317  1.01264275    08
UFO F6
1 23696U 95057A   13026.05665044 0.00000000  00000-0  00000-0 0    07
2 23696   7.0001  40.6468 0006439 332.4663  27.5017  1.00270000    05
Milstar 2
1 23712U 95060A   11189.77212414 0.00000000  00000-0  00000-0 0    06
2 23712   9.1252  54.2139 0003499 153.5205 206.5123  1.00270000    05
Milstar 2 r
1 23713U 95060B   12353.07865647 0.00000000  00000-0  00000-0 0    06
2 23713  11.2947  45.2877 0035046  79.1651 281.2411  1.00596541    02
MSX
1 23851U 96024A   13007.47185249 0.00000100  00000-0  70610-4 0    03
2 23851  98.8486  69.9243 0006000 149.2141 210.7858 13.97929038    07
Mercury 2
1 23855U 96026A   13008.65591931 0.00000000  00000-0  00000-0 0    00
2 23855   9.0376  10.6417 0522899 209.4688 147.5040  1.00336391    08
NOSS 2-3 (D)
1 23862U 96029D   13014.04326193 0.00000050  00000-0  48849-4 0    09
2 23862  63.3970 234.2494 0459000   4.6203 355.3797 13.40597310    04
NOSS 2-3 (A)
1 23893U 96029A   13005.92863841 0.00000000  00000-0  00000-0 0    04
2 23893  63.3556 201.1185 3339616 262.8592  58.6941  5.52848175    06
NOSS 2-3 (C)
1 23908U 96029C   13012.80517840 0.00000050  00000-0  48668-4 0    02
2 23908  63.3970 237.1290 0460000   3.6353 356.3647 13.40647912    07
NOSS 2-3 (E)
1 23936U 96029E   13012.72369413 0.00000060  00000-0  58386-4 0    04
2 23936  63.3980 237.4298 0460000   3.7418 356.2582 13.40661945    02
USA 125 r
1 23947U 96038C   13015.77641817 0.00003200  00000-0  44379-3 0    00
2 23947  55.2711 173.7177 5066018  95.2189 322.0121  5.52443917    02
UFO F7
1 23967U 96042A   12251.22127626 0.00000000  00000-0  00000-0 0    00
2 23967   5.9814  43.8615 0007914 263.6227  96.2942  1.00270000    04
USA 129
1 24680U 96072A   13025.75900546 0.00008500  00000-0  14270-3 0    04
2 24680  97.6225  81.1166 0343176 358.6025   1.3973 15.06233510    08
DSP F18
1 24737U 97008A   13008.77578464 0.00000000  00000-0  00000-0 0    00
2 24737  10.5654  48.2187 0007815 285.2152  74.7037  1.00270000    00
DSP F18 r3
1 24740U 97008D   12251.23225291 0.00000000  00000-0  00000-0 0    01
2 24740  10.4103  50.1159 0026034  46.7275 313.5014  0.99498627    06
DMSP 5D-2 S-14
1 24753U 97012A   13009.20080886 0.00000070  00000-0  35949-4 0    09
2 24753  98.7780 339.6516 0011000 359.5397   0.4602 14.15353447    07
DSCS 3-10
1 25019U 97065A   12253.56039948 0.00000000  00000-0  00000-0 0    04
2 25019   5.8590  61.0041 0004177  34.9856 325.0658  1.00270000    01
Geosat FO
1 25157U 98007A   12305.69802261 0.00002400  00000-0  17685-3 0    08
2 25157 108.0419 169.0029 0209792 316.6053  43.3947 14.87228908    04
UFO F8
1 25258U 98016A   12001.00000000  .00000000  00000-0  00000-0 0    03
2 25258   4.6978  48.8635 0004423 201.7612  21.3575  1.00279173    07
Mentor 2
1 25336U 98029A   13008.78942303 0.00000000  00000-0  00000-0 0    08
2 25336   8.8702   6.8278 0021955 169.7095 190.3493  1.00270000    05
Mentor 2 r
1 25337U 98029B   11349.60997094 0.00000000  00000-0  00000-0 0    03
2 25337  10.1717   8.2171 0050939  51.4278 309.0638  1.00386472    01
Mercury 2 r
1 25349U 96026B   13008.76705025 0.00000000  00000-0  00000-0 0    03
2 25349   9.3279   2.4725 0459297 291.8059  63.3918  0.99569278    00
STEX
1 25489U 98055A   12288.15613308 0.00000300  00000-0  82073-4 0    03
2 25489  84.9795  69.1761 0012011 239.0325 120.9673 14.47281177    01
UFO F9
1 25501U 98058A   12354.85797551 0.00000000  00000-0  00000-0 0    08
2 25501   5.6943  41.5451 0012075 290.7512  69.1315  0.98176622    09
ATEX
1 25615U 98055C   13017.71774431 0.00000350  00000-0  10224-3 0    05
2 25615  84.9851  26.8135 0011000 341.6073  18.3926 14.44125212    02
DSP F19
1 25669U 99017A   13015.72614474 0.00000000  00000-0  00000-0 0    02
2 25669  29.3690 315.5603 7110844 306.0445   7.2997  2.32856736    05
Milstar 3
1 25724U 99023A   12364.00161927 0.00000030  00000-0  37397-3 0    03
2 25724  28.2395 228.5112 2135416  63.9930 296.0065  9.37432195    05
Milstar 3 r
1 25725U 99023B   13026.28807380 0.00000070  00000-0  15836-3 0    08
2 25725  28.3191  32.6633 2385418 318.6619  41.3375  9.67129141    08
USA 144 Deb
1 25746U 99028C   13020.03735799 0.00000300  00000-0  00000-0 0    07
2 25746  63.4435 244.3321 0257381 297.3192  62.6808  9.69928721    02
UFO F10
1 25967U 99063A   13008.62383559 0.00000000  00000-0  00000-0 0    02
2 25967   4.5707  45.2043 0003035 311.0608  48.9080  1.00270000    01
DMSP F15
1 25991U 99067A   13009.22680676 0.00000050  00000-0  25218-4 0    07
2 25991  98.5748 342.3452 0012000 302.8640  57.1359 14.16313661    00
DSCS 3-11
1 26052U 00001A   12001.00000000  .00000000  00000-0  00000-0 0    03
2 26052   2.9824  71.0043 0001962 172.2564 320.4698  1.00269579    03
DSCS 3-11 r2
1 26054U 00001C   12050.94270653 0.00000000  00000-0  00000-0 0    05
2 26054  10.3166  49.8710 0014112 220.8877 138.9616  1.01186201    02
DSP F20
1 26356U 00024A   12001.00000000  .00000000  00000-0  00000-0 0    05
2 26356   7.4143  55.5457 0000477  95.3661 143.5567  1.00276855    07
DSP F20 r3
1 26359U 00024D   12102.41973212 0.00000000  00000-0  00000-0 0    09
2 26359   7.6084  54.5144 0011026  18.6668 341.3856  0.99695635    02
Lacrosse 4
1 26473U 00047A   13015.72602777 0.00000400  00000-0  74639-4 0    01
2 26473  67.9900  55.2674 0005000 240.0647 119.9353 14.64880625    07
DSCS 3-12
1 26575U 00065A   13018.70564155 0.00000000  00000-0  00000-0 0    05
2 26575   3.0897  68.7277 0011175  73.1103 287.0334  1.00270000    08
DSCS 3-12 r2
1 26577U 00065C   12251.06654533 0.00000000  00000-0  00000-0 0    04
2 26577  10.2120  48.6066 0055717 142.7230 217.7032  1.01178331    06
SDS 3-1
1 26635U 00080A   12001.00000000  .00000000  00000-0  00000-0 0    07
2 26635   4.9841  48.3711 0003211 229.8313 273.7837  1.00269300    07
Milstar 4
1 26715U 01009A   12001.00000000  .00000000  00000-0  00000-0 0    08
2 26715   5.2282  49.8478 0002314 219.2921 342.8687  1.00269558    02
Milstar 4 r
1 26716U 01009B   13008.75497753 0.00000000  00000-0  00000-0 0    04
2 26716   7.7460  49.0535 0019379  15.1592 344.9109  1.00470253    08
GeoLITE
1 26770U 01020A   13021.61857830 0.00000000  00000-0  00000-0 0    03
2 26770   3.6212  52.9132 0020661   7.6721 352.3716  0.98833503    04
DSP F21
1 26880U 01033A   12001.00000000  .00000000  00000-0  00000-0 0    08
2 26880   6.4090  57.9147 0005549 253.9392 251.8592  1.00270096    01
DSP F21 r3
1 26883U 01033D   12350.77263732 0.00000000  00000-0  00000-0 0    05
2 26883   7.1224  54.1272 0005186 282.8766  77.0776  0.99887052    07
NOSS 3-1 (A)
1 26905U 01040A   13001.73914009 0.00000050  00000-0  78133-4 0    09
2 26905  63.4250 223.7628 0226000 357.8938   2.1062 13.40657682    00
NOSS 3-1 r
1 26906U 01040B   13027.45200338 0.00000030  00000-0  45021-4 0    08
2 26906  63.4696 114.4402 0217000 348.2876  11.7124 13.43850145    03
NOSS 3-1 (C)
1 26907U 01040C   13007.02637478 0.00000010  00000-0  15458-4 0    08
2 26907  63.4223 209.2007 0228000 358.6202   1.3798 13.41158700    02
USA 161
1 26934U 01044A   12229.06942162 0.00014000  00000-0  15941-3 0    00
2 26934  97.1133 358.7090 0038218 345.8050  13.9661 15.61312730    04
SDS 3-2
1 26948U 01046A   12253.63889416 0.00000000  00000-0  00000-0 0    01
2 26948   5.8380  77.9862 0007273 228.8817 131.0652  1.00270000    07
Milstar 5
1 27168U 02001A   13008.74348946 0.00000000  00000-0  00000-0 0    07
2 27168   5.2542  46.0787 0005568  72.7094 287.3727  1.00270000    05
Milstar 5 r
1 27169U 02001B   12254.52257154 0.00000000  00000-0  00000-0 0    06
2 27169   3.4084  38.1470 0056666  34.0910 326.2839  1.00161201    00
Ofeq 5
1 27434U 02025A   11085.04954516 0.00003200  00000-0  21007-3 0    09
2 27434 143.4616 213.6891 0023574  13.4582 346.5410 15.06532635    00
DSP F18 Cover
1 27680U 97008E   11001.00000000  .00000000  00000-0  00000-0 0    03
2 27680   9.1567  56.4483 0576332 281.5678 106.4772  0.99520739    07
DSCS 3-13
1 27691U 03008A   12294.50666879 0.00000000  00000-0  00000-0 0    04
2 27691   1.2200  76.3285 0003453 267.1260  92.8414  1.00270000    00
DSCS 3-13 r2
1 27693U 03008C   12251.15975998 0.00000000  00000-0  00000-0 0    05
2 27693   8.2871  54.8379 0009682 105.8953 254.1883  1.01113265    08
IGS 1A
1 27698U 03009A   12260.83382760 0.00011000  00000-0  36019-3 0    09
2 27698  97.3379 333.0826 0002000 287.1043  72.8956 15.31701126    08
Milstar 6
1 27711U 03012A   13023.09833006 0.00000000  00000-0  00000-0 0    05
2 27711   4.4563  68.0260 0004357 308.5283  51.4365  1.00270000    06
Milstar 6 r
1 27712U 03012B   12248.08982083 0.00000000  00000-0  00000-0 0    03
2 27712   4.7694  48.6822 0019992 157.5242 202.5755  1.00581660    00
Canyon 1 r
1 27785U 68063B   12352.97163983 0.00000000  00000-0  00000-0 0    04
2 27785  14.0612 335.6362 1099991 107.7940 264.4950  1.01769835    09
Canyon 2 r
1 27786U 69036B   12248.46431518 0.00000000  00000-0  00000-0 0    06
2 27786   5.7890  92.7624 0994103  88.3712 282.9730  1.03856997    05
Canyon 3 r
1 27787U 70069B   12288.84066880 0.00000000  00000-0  00000-0 0    07
2 27787  14.7452 271.3631 1304403 340.3279  15.0715  1.01706159    01
DSCS 3-14
1 27875U 03040A   12345.14399256 0.00000000  00000-0  00000-0 0    03
2 27875   0.3587  78.8946 0012710 210.9654 148.9707  1.00270000    00
DSCS 3-14 r2
1 27877U 03040C   12205.33370039 0.00000000  00000-0  00000-0 0    09
2 27877   7.8031  56.1640 0013826 173.8993 186.1476  1.00736578    04
Mentor 3
1 27937U 03041A   13021.73306231 0.00000000  00000-0  00000-0 0    01
2 27937   6.0901  92.9753 0047499 185.3691 174.5927  1.00270000    02
Mentor 3 r
1 27938U 03041B   13008.94399874 0.00000000  00000-0  00000-0 0    05
2 27938   6.0861 107.2759 0042694 322.0732  37.6316  1.00844393    05
DMSP F16
1 28054U 03048A   13019.21942382 0.00000140  00000-0  74480-4 0    04
2 28054  98.6084  21.6917 0008000   4.1116 355.8883 14.13480516    06
NOSS 3-2 (A)
1 28095U 03054A   13021.76219613 0.00000000  00000-0  00000-0 0    01
2 28095  63.4310  91.6442 0161500 359.8087   0.1913 13.40617723    00
NOSS 3-2 r
1 28096U 03054B   13015.29420985 0.00000080  00000-0  12569-3 0    03
2 28096  63.6640 176.0910 0221500 315.4591  44.5409 13.40690987    07
NOSS 3-2 (C)
1 28097U 03054C   13021.76225014 0.00000000  00000-0  00000-0 0    05
2 28097  63.4250  91.8196 0163000   0.4345 359.5655 13.40618960    04
UFO F11
1 28117U 03057A   13008.57864960 0.00000000  00000-0  00000-0 0    04
2 28117   3.2064  28.2690 0003446 274.7920  85.1750  1.00270000    07
DSP F20 Cover
1 28156U 00024E   12034.09498269 0.00000000  00000-0  00000-0 0    08
2 28156   7.7766  55.1286 0241055 202.5985 156.3348  0.99712734    04
DSP F22
1 28158U 04004A   13021.63474547 0.00000000  00000-0  00000-0 0    02
2 28158   4.9929  58.8822 0002611  18.5923 341.4424  1.00270000    02
DSP F22 r3
1 28161U 04004D   12253.54877326 0.00000000  00000-0  00000-0 0    04
2 28161   4.7338  60.5414 0007025 298.2334  61.7078  0.99812532    08
USA 179
1 28384U 04034A   12340.29581122 0.00001064  00000-0  00000-0 0    00
2 28384  64.0895 184.9298 7007444 266.0873  18.3619  2.00629196    01
USA 179 r
1 28385U 04034B   12263.78598760 0.00077000  00000-0  13497-2 0    04
2 28385  57.3584  60.3025 4599486  34.4978 348.2436  6.45057428    07
Helios 2A
1 28492U 04049A   12277.07047308 0.00000500  00000-0  95837-4 0    04
2 28492  98.1097 211.0920 0001885 319.3474  40.6525 14.63861963    08
Essaim 1
1 28494U 04049C   10078.14361211 0.00000090  00000-0  14966-4 0    01
2 28494  98.3005  46.2035 0003783  98.9520 261.0479 14.70180409    01
Essaim 2
1 28495U 04049D   10078.14406910 0.00000010  00000-0  16636-5 0    07
2 28495  98.2815  46.0980 0004617  92.5141 267.4857 14.70158428    09
Essaim 3
1 28496U 04049E   10091.34788348 0.00000020  00000-0  33248-5 0    02
2 28496  98.3032  64.3619 0009789  59.9821 300.0177 14.70164628    09
Essaim 4
1 28497U 04049F   10091.34742217 0.00000020  00000-0  33229-5 0    07
2 28497  98.3046  64.4188 0012914  55.6010 304.3989 14.70165884    07
Delta4 Demo
1 28500U 04050A   12350.33411381 0.00000000  00000-0  00000-0 0    02
2 28500  13.5424 102.7849 2680381  53.0212 328.6688  1.41292500    03
NOSS 3-3 (A)
1 28537U 05004A   13017.70632186 0.00000020  00000-0  34768-4 0    06
2 28537  63.4367 332.2366 0125000   1.1499 358.8501 13.40494427    01
NOSS 3-3 r
1 28538U 05004B   13020.02701739 0.00000100  00000-0  15264-3 0    05
2 28538  63.8240  34.6241 0215000 277.5178  82.4822 13.42978159    01
NOSS 3-3 (C)
1 28541U 05004C   13015.76682710 0.00000000  00000-0  00000-0 0    09
2 28541  63.4369 337.3785 0126000   2.1677 357.8323 13.40494080    05
Del4 Demo r
1 28546U 04050B   13014.15697713 0.00000000  00000-0  00000-0 0    05
2 28546  13.7177 109.7079 2478026  37.7213 337.3281  1.37826432    01
XSS 11 r
1 28637U 05011B   13015.26943747 0.00000050  00000-0  27682-4 0    02
2 28637  98.9425  30.5831 0013004 124.2197 235.7802 14.11304270    09
Lacrosse 5
1 28646U 05016A   13020.03158294 0.00000020  00000-0  47606-5 0    09
2 28646  57.0110  18.2361 0011000 179.9995 180.0004 14.53475952    02
Lacrosse 5 r
1 28647U 05016B   13025.77234975 0.00002400  00000-0  16800-3 0    01
2 28647  56.9900  12.7804 0142266 332.4884  27.5116 14.96920959    09
USA 186
1 28888U 05042A   13025.74994204 0.00017500  00000-0  17245-3 0    03
2 28888  97.8824  91.0188 0537725 188.0843 171.9155 14.76389772    05
Mitex 1
1 29240U 06024A   12074.22241549 0.00000000  00000-0  00000-0 0    05
2 29240   0.4683 110.5389 0001839 229.0113 130.9830  1.00472025    01
Mitex 2
1 29241U 06024B   12223.62368329 0.00000000  00000-0  00000-0 0    02
2 29241   2.4650  71.6167 0012711  91.8216 268.3819  0.98877604    00
Mitex 1 r
1 29242U 06024C   13018.65892998 0.00000000  00000-0  00000-0 0    03
2 29242   5.3066  59.9875 0006592 273.6008  86.3057  1.04014010    02
USA 184
1 29249U 06027A   12365.10155113 0.00000478  00000-0  00000-0 0    07
2 29249  63.4181 123.2648 6794388 268.8825  19.0841  2.00616130    03
USA 184 r
1 29250U 06027B   13018.81040940 0.00000000  00000-0  00000-0 0    05
2 29250  62.8768  85.5440 6560880 284.8476  15.1697  2.17601697    03
IGS O2
1 29393U 06037A   12232.99333229 0.00000000  00000-0  00000-0 0    05
2 29393  97.3220 352.0170 0003000 325.3336  34.6662 15.26003395    08
DMSP F17
1 29522U 06050A   13019.20942420 0.00000150  00000-0  79701-4 0    05
2 29522  98.8711  25.5473 0009000 319.3298  40.6701 14.13540884    02
SAR Lupe 1
1 29658U 06060A   12255.88503172 0.00006500  00000-0  24311-3 0    09
2 29658  98.1479 120.2938 0001000  82.9150 277.0848 15.27360175    04
IGS R2
1 30586U 07005A   12236.05063654 0.00006000  00000-0  17680-3 0    01
2 30586  97.4174   1.7078 0005000 335.6264  24.3734 15.35047007    08
IGS OVS
1 30587U 07005B   12236.02944086 0.00009500  00000-0  22496-3 0    05
2 30587  97.3987   5.3175 0001000  14.2860 345.7139 15.41793527    07
Ofeq 7
1 31601U 07025A   11216.35109233 0.00005600  00000-0  23432-3 0    03
2 31601 141.7491  83.9287 0092182 233.6760 126.3232 15.18791312    03
NOSS 3-4 (A)
1 31701U 07027A   13021.76595975 0.00000010  00000-0  17843-4 0    09
2 31701  63.4030 218.9294 0078000  59.5586 300.4414 13.40616799    00
NOSS 3-4 r
1 31702U 07027B   13025.74360672 0.00000000  00000-0  00000-0 0    08
2 31702  63.3739 208.2509 0092000 333.9918  26.0082 14.17880029    07
NOSS 3-4 (C)
1 31708U 07027C   13021.76604634 0.00000010  00000-0  17843-4 0    09
2 31708  63.4050 219.1096 0078000  58.8393 301.1607 13.40617026    06
SAR Lupe 2
1 31797U 07030A   12210.01405967 0.00000000  00000-0  00000-0 0    08
2 31797  98.0984 133.8153 0008814 226.9876 133.0122 15.27074992    00
WGS 1
1 32258U 07046A   12001.00000000  .00000000  00000-0  00000-0 0    04
2 32258   0.0727  91.5501 0001719  89.9225  93.4285  1.00271024    00
SAR Lupe 3
1 32283U 07053A   13015.72739337 0.00005000  00000-0  18694-3 0    03
2 32283  98.1953  28.0520 0003000 167.3764 192.6234 15.27366754    02
DSP F23
1 32287U 07054A   12251.18794929 0.00000000  00000-0  00000-0 0    01
2 32287   0.4995 121.0865 0003373 306.3803  53.5991  1.00384943    07
DSP F23 r
1 32288U 07054B   12342.99885181 0.00000000  00000-0  00000-0 0    03
2 32288   0.5804 126.1187 0265961 336.1804  22.6110  0.95868646    06
SDS 3F5
1 32378U 07060A   13015.86181732 0.00001230  00000-0  00000-0 0    01
2 32378  63.3103  69.0237 7202170 272.5863  14.4634  2.00620575    09
USA 198 r
1 32379U 07060B   13015.85906962 0.00010000  00000-0  11340-2 0    07
2 32379  60.7635  19.4323 5304814 124.5651 297.3522  5.14965215    02
TecSAR
1 32476U 08002A   12243.36231821 0.00020000  00000-0  48081-3 0    09
2 32476  41.0557 299.6259 0037256  30.5550 329.4444 15.39691276    08
USA 200
1 32706U 08010A   13015.77691066 -.00000335  00000-0  00000-0 0    04
2 32706  63.1736 182.8576 6784670 269.1667  19.0522  2.00603295    04
SAR Lupe 4
1 32750U 08014A   12255.87249803 0.00005000  00000-0  18756-3 0    04
2 32750  98.1429 122.3881 0001910  98.3897 261.6101 15.27261403    00
SAR Lupe 5
1 33244U 08036A   13017.70539003 0.00005500  00000-0  20583-3 0    06
2 33244  98.2170  28.7836 0003000  51.6790 308.3208 15.27335271    00
Mentor 4
1 33490U 09001A   13014.60724108 0.00000000  00000-0  00000-0 0    09
2 33490   3.3349  16.8251 0004840  58.7060 301.3636  1.00270000    00
Mentor 4 r
1 33491U 09001B   13008.61777913 0.00000000  00000-0  00000-0 0    06
2 33491   3.3376  18.1029 0250167 359.1439   0.8473  0.96057145    09
WGS 2
1 34713U 09017A   13014.52006449 0.00000000  00000-0  00000-0 0    07
2 34713   0.0150   1.4239 0005459 187.4592 172.5456  1.00270000    04
STSS-ATRR
1 34903U 09023A   12227.93500447 0.00000020  00000-0  12189-4 0    09
2 34903  98.9260 323.6627 0007000 142.0888 217.9111 14.06102388    07
PAN
1 35815U 09047A   13015.67416209 0.00000000  00000-0  00000-0 0    00
2 35815   0.1344  40.5454 0003574 231.0573 128.9204  1.00270000    04
STSS Demo 1
1 35937U 09052A   13006.44795633 0.00000040  00000-0  17747-3 0    00
2 35937  57.9897  90.4922 0015464  83.5678 276.4321 12.79110388    02
STSS Demo 2
1 35938U 09052B   13006.44092880 0.00000000  00000-0  00000-0 0    02
2 35938  57.9896  90.5219 0013652 100.0600 259.9400 12.79106618    04
DMSP F18
1 35951U 09057A   13015.79281529 0.00000030  00000-0  16142-4 0    01
2 35951  98.7800  57.4643 0013000 167.0680 192.9318 14.12844193    08
IGS 5A
1 36104U 09066A   13012.81958598 0.00000000  00000-0  00000-0 0    08
2 36104  97.7589  89.6664 0005000 300.1727  59.8271 14.93414421    00
IGS 5 r
1 36105U 09066B   13018.79025900 0.00001900  00000-0  13988-3 0    06
2 36105  97.5461  80.5657 0039584 107.3197 252.6801 15.02777251    08
WGS 3
1 36108U 09068A   13019.82530942 0.00000000  00000-0  00000-0 0    01
2 36108   0.0217  44.4752 0003464 314.2672  45.7078  1.00270000    09
Helios 2B
1 36124U 09073A   12277.03742096 0.00000000  00000-0  00000-0 0    08
2 36124  98.1391 211.8928 0007003 350.6565   9.3433 14.63815020    02
Helios 2B r
1 36125U 09073B   12301.14642267 0.00000650  00000-0  95159-4 0    02
2 36125  98.1460 250.5244 0027900 309.9325  50.0673 14.75446500    05
Ofeq 9
1 36608U 10031A   12313.00935331 0.00010200  00000-0  44639-3 0    07
2 36608 141.7447  91.4245 0073432 126.6581 233.3412 15.18689201    05
AEHF 1
1 36868U 10039A   13022.61551961 0.00000000  00000-0  00000-0 0    09
2 36868   3.4032 274.5877 0004262 133.3945 226.6578  1.00270000    03
AEHF 1 r
1 36869U 10039B   12081.66462485 0.00019000  00000-0  17574-2 0    07
2 36869  19.6726 162.3456 7884172  84.1466 351.1441  1.58974305    09
FIA Radar 1
1 37162U 10046A   13014.03836227 0.00000000  00000-0  00000-0 0    03
2 37162 122.9923 202.9393 0003000 180.3496 179.6504 13.41475829    07
SBSS 1
1 37168U 10048A   12355.74391936 0.00000700  00000-0  93318-4 0    04
2 37168  97.9184 220.2223 0012000 254.3804 105.6195 14.79655511    08
SBSS 1 r
1 37169U 10048B   12132.92891666 0.00001850  00000-0  10856-3 0    05
2 37169  97.9577  28.7739 0008000  65.8832 294.1167 15.11768655    03
STPSat 2
1 37222U 10062A   13008.73394545 0.00000250  00000-0  35559-4 0    08
2 37222  71.9671 219.7441 0018000 299.8345  60.1655 14.76722351    07
RAX
1 37223U 10062B   11152.36844328 0.00000635  00000-0  88754-4 0    07
2 37223  71.9713  73.6151 0021634 311.5989  48.3343 14.77415682    02
O/OREOS
1 37224U 10062C   11153.29456974 0.00000492  00000-0  00000-0 0    02
2 37224  71.9726  71.8135 0020315 307.7637  52.1684 14.77036357    00
FASTSAT
1 37225U 10062D   11112.90350526 0.00000250  00000-0  35740-4 0    07
2 37225  71.9618 161.1230 0017024  34.5423 325.4576 14.76516580    07
FAST 1
1 37227U 10062F   12152.71696804 0.00000650  00000-0  91775-4 0    09
2 37227  71.9659 348.3000 0015573 346.2559  13.7441 14.77064486    00
STPSat 2 r
1 37228U 10062G   13009.69894598 0.00000200  00000-0  28247-4 0    04
2 37228  71.9674 217.0294 0016500 277.4864  82.5135 14.77041038    02
HAPS
1 37229U 10062H   13012.76660064 0.00000000  00000-0  00000-0 0    07
2 37229  72.0063 327.9420 0139405 114.4414 245.5586 12.86547320    04
Mentor 5
1 37232U 10063A   11224.75279514 0.00000000  00000-0  00000-0 0    00
2 37232   6.4148 263.1488 0034303 335.3377  88.8526  1.00266406    00
Mentor 5 r
1 37233U 10063B   13019.38083643 0.00000000  00000-0  00000-0 0    00
2 37233   5.3412 251.3683 0228213 170.4341 190.0205  1.04034288    08
USA 224
1 37348U 11002A   12236.01579628 0.00026500  00000-0  24084-3 0    08
2 37348  97.9065 346.0133 0532208 182.0052 177.9947 14.78988433    00
USA 227
1 37377U 11011A   13008.69794512 0.00000000  00000-0  00000-0 0    09
2 37377   4.8139 349.6734 0004277 304.2633  55.7003  1.00270000    01
FAST 2
1 37380U 10062M   12139.10456827 0.00000700  00000-0  99361-4 0    01
2 37380  71.9740  18.8567 0018464   6.9751 353.0248 14.76803561    03
NOSS 3-5 (A)
1 37386U 11014A   13019.20645874 0.00000010  00000-0  17901-4 0    00
2 37386  63.4392 151.8390 0074000 174.2868 185.7132 13.40523236    06
NOSS 3-5 (B)
1 37391U 11014B   13015.25268028 0.00000010  00000-0  17909-4 0    07
2 37391  63.4394 161.6625 0075000 175.5963 184.4036 13.40466034    06
SBIRS GEO 1
1 37481U 11019A   12001.00000000  .00000000  00000-0  00000-0 0    02
2 37481   6.1661 320.4907 0001593 288.0921  23.4663  1.00022561    09
ORS 1
1 37728U 11029A   13012.70975492 0.00009000  00000-0  15373-3 0    04
2 37728  40.0030 283.9795 0001000 122.6344 237.3649 15.50371238    01
IGS 6A
1 37813U 11050A   12235.99781605 0.00000000  00000-0  00000-0 0    00
2 37813  97.7591 354.4016 0001997 320.1730  39.8268 14.93417407    03
IGS 6A r
1 37814U 11050B   12236.00083752 0.00001300  00000-0  10920-3 0    01
2 37814  97.6690 353.0074 0017003 349.0259  10.9739 14.98268797    07
IGS 7A
1 37954U 11075A   12261.85855840 0.00000000  00000-0  00000-0 0    00
2 37954  97.5267 333.1393 0003999 309.1091  50.8907 15.17604617    01
IGS 7A r
1 37955U 11075B   12261.84148648 0.00005500  00000-0  19898-3 0    09
2 37955  97.3970 332.7152 0024693 130.9243 229.0755 15.28161276    04
Elisa W11
1 38007U 11076A   12280.86153857 0.00000400  00000-0  77917-4 0    01
2 38007  98.1609 353.6295 0002685 218.0941 141.9058 14.63131951    04
Elisa E24
1 38008U 11076B   12265.88460939 0.00000350  00000-0  68192-4 0    08
2 38008  98.1629 341.4095 0001578 157.1981 202.8017 14.63123933    00
Elisa W23
1 38009U 11076C   12249.88198457 0.00000400  00000-0  77959-4 0    01
2 38009  98.1689 323.0332 0002000 193.8070 166.1928 14.63108464    09
Elisa E12
1 38010U 11076D   12265.88475993 0.00000400  00000-0  77925-4 0    07
2 38010  98.1636 341.4036 0003796 137.5530 222.4468 14.63124800    04
WGS 4 r
1 38071U 12003B   12040.42042940  .00000000  00000-0  00000-0 0   165
2 38071 023.7702 306.2276 8219520 183.9928 157.6463 01.15035490   230
FIA Radar 2
1 38109U 12014A   13022.38368275 0.00000050  00000-0  89461-4 0    09
2 38109 122.9962  48.8393 0006000 174.3143 185.6856 13.41481215    07
USA 236
1 38466U 12033A   13015.52063449 0.00000000  00000-0  00000-0 0    02
2 38466   4.5087 272.1650 0004227 255.8610 104.0997  1.00270000    08
USA 237
1 38528U 12034A   13015.37641102 0.00000000  00000-0  00000-0 0    03
2 38528   3.2032 300.3246 0041474 332.3027  27.3974  1.00270000    08
USA 237 r
1 38529U 12034B   13015.48033866 0.00000000  00000-0  00000-0 0    08
2 38529   3.2589 300.1021 0185043 200.9790 158.2958  1.03144145    02
NOSS 3-6 (A)
1 38758U 12048A   13016.12627368 0.00000000  00000-0  00000-0 0    05
2 38758  63.4374  85.5766 0113000 178.4545 181.5455 13.40613010    04
NOSS 3-6 r
1 38770U 12048N   13025.69577952 0.00003500  00000-0  26622-3 0    03
2 38770  64.6584 347.1958 0218230 256.8571 103.1429 14.84839918    02
NOSS 3-6 (P)
1 38773U 12048P   13016.12619380 0.00000000  00000-0  00000-0 0    07
2 38773  63.4372  85.3919 0111000 177.9161 182.0839 13.40612586    02
OTV 3
1 39025U 12071A   13019.97581900 0.00004000  00000-0  28345-4 0    06
2 39025  43.4929 262.3192 0007999 254.9832 105.0163 15.72980098    09
IGS 8
1 39061U 13002A   13027.89800493  .00004299  00000-0  21083-3 0    81
2 39061 097.5042 150.1810 0003540 296.0898 064.0485 15.18139234    91
IGS 8 Obj B
1 39062U 13002B   13027.89890617 -.00000014  00000-0  00000+0 0    72
2 39062 097.5013 150.1783 0007730 227.0077 133.1026 15.16135334    80
IGS 8 Obj C
1 39063U 13002C   13027.89299395  .00073321  00000-0  23578-2 0    77
2 39063 097.4501 150.1638 0067310 143.2110 217.4304 15.30004507   143
IGS 8 Obj D
1 39064U 13002D   13027.89831697 -.00000025  00000-0  00000+0 0    46
2 39064 097.5053 150.1794 0000943 270.8679 089.2968 15.17461609   120
IGS 8 Obj E
1 39065U 13002E   13027.89814604  .00012334  00000-0  60996-3 0    34
2 39065 097.5105 150.1823 0001441 272.4310 087.7273 15.17851159   121
IGS 8 Obj F
1 39066U 13002F   13027.89817953  .00038075  00000-0  18863-2 0    41
2 39066 097.4999 150.1779 0001545 268.1563 092.0009 15.17789470   121
IGS 8 Obj G
1 39067U 13002G   13027.89282347  .01001589  00000-0  31510-1 0    27
2 39067 097.4530 150.1691 0062117 142.8738 217.7420 15.31023278    69
Unknown 990907
1 90004U 99750A   13015.83633848 0.00001135  00000-0  00000-0 0    09
2 90004  64.2891  94.2819 6962986 251.7064  25.9093  2.01478236    00
Unknown 000405
1 90006U 00596A   12344.92652255 0.00000048  00000-0  00000-0 0    00
2 90006  64.0109 298.1056 6949999 267.9932  18.1974  2.00566692    07
Prowler
1 90007U 90097E   13019.94028879 0.00000000  00000-0  00000-0 0    05
2 90007  14.1905  23.6292 0046899 145.5175 214.8074  1.00282503    03
Unknown 040208
1 90020U 04539A   12340.76026896 0.00001520  00000-0  00000-0 0    07
2 90020  63.3196   1.6236 7391716 242.4981  26.6630  2.00563862    08
Unknown 050702
1 90040U 05683A   10031.12350999 0.00000560  00000-0  32644-3 0    04
2 90040  27.4566 204.3228 7008033 222.1898  54.9017  2.60171515    03
Unknown 051230
1 90046U 05864A   13015.67371591 0.00000026  00000-0  00000-0 0    02
2 90046  63.7056 336.6279 7115149 268.8903  16.4830  2.00622497    02
Unknown 060625
1 90057U 06676A   12261.36936090 0.00007220  00000-0  65008-2 0    09
2 90057  26.9236 307.5392 7180519  13.6928 359.6458  2.36997163    06
Unknown 060624
1 90059U 06675A   12238.77727022 0.00000500  00000-0  57416-3 0    01
2 90059  28.2107 203.1891 7232871  20.9834 357.8351  2.29718602    04
Unknown 060616
1 90061U 06667A   12231.70051493 0.00001953  00000-0  48662-3 0    09
2 90061  27.5651 240.5900 6796709 196.2175 123.2862  2.90764288    09
Unknown 061125
1 90070U 06829A   12193.29423221 0.00580000  00000-0  14400-2 0    09
2 90070  27.4471 262.7146 3222481 338.0965  11.9092  9.15309333    05
Unknown 070914
1 90077U 07757A   11335.84454696 0.00002424  00000-0  26303-3 0    00
2 90077  28.7821  13.3983 7206212 239.5582  31.5042  2.39644145    07
Unknown 080507
1 90081U 08628A   13015.91902456 -.00001155  00000-0  00000-0 0    04
2 90081  62.9624  30.6992 6915485 281.2990  14.2324  2.00584356    06
Unknown 080818
1 90082U 08731A   11110.44535071 0.00000100  00000-0  00000-0 0    05
2 90082  63.8281 348.1268 6836937 257.0299  24.2251  2.00633445    00
Unknown 090126
1 90083U 09526A   12340.31796097 0.00000565  00000-0  00000-0 0    03
2 90083  63.9944 179.9237 6640385 269.8215  20.0187  2.00502540    06
Unknown 9O0DC57
1 90084U 09710A   13014.05328352 0.00000000  00000-0  00000-0 0    08
2 90084  31.5841 329.7346 7664999 229.8393  33.4586  0.44262779    05
Unknown 091017
1 90085U 09790A   12271.99431405 0.00004000  00000-0  52871-3 0    08
2 90085  25.0956 202.2765 6832167  11.9914 352.4868  2.88000000    07
Unknown 110619
1 90086U 11670A   11351.74807739 0.00010000  00000-0  26082-2 0    08
2 90086  26.2773  24.5767 6856664 180.7352 177.7012  2.82643054    09
Unknown 110623
1 90087U 11674A   12361.23404214 -.00000122  00000-0  00000-0 0    05
2 90087  27.6589 329.9629 7287354  30.4904 356.3956  2.00819442    06
Unknown 111101
1 90088U 11805A   11338.79546917 0.00133580  00000-0  14124-2 0    01
2 90088  24.0578   4.0534 6885349 212.1626  75.7126  2.85868539    04
Unknown 120723
1 90089U 12705A   12242.87100169 0.00014500  00000-0  11442-2 0    01
2 90089  25.9301 120.8310 7003462 195.1156 122.2007  2.66527571    08
Unknown 120530
1 90090U 12651A   12359.25143311 0.00000050  00000-0  21931-4 0    01
2 90090  63.3349  67.1162 0683582  50.0599 309.9401 13.41113123    07
Unknown 050612
1 96031U 96531A   12294.06991117 0.00000000  00000-0  00000-0 0    08
2 96031   6.4730 315.9645 0222055 237.6618 120.1816  1.01905138    00
Unknown 100202
1 96041U 96541A   12343.62434498 0.00000000  00000-0  00000-0 0    01
2 96041  14.3151 350.0637 0045547 230.0001 129.6113  1.00315795    06
Unknown 090720
1 96044U 96544A   12001.00000000  .00000000  00000-0  00000-0 0    08
2 96044  14.5928 353.1820 0047097 321.2465 237.0423  1.00317512    07
Unknown 050403
1 96058U 96558A   12313.03368750 0.00000000  00000-0  00000-0 0    06
2 96058  17.3502 351.2037 0030849 309.0706  50.6806  0.94324479    05
Unknown 080229
1 96089U 96589A   11332.79144198 0.00000000  00000-0  00000-0 0    05
2 96089   8.2217 324.9436 0187043 252.8403 105.1156  1.00699617    00
Ekran 5 (deb G)
1 96137U 80060G   12056.58175241 0.00000000  00000-0  00000-0 0    00
2 96137  14.2782 343.3175 0014813 187.1603 172.8306  1.00324901    08
DSP F15 Cover
1 96143U 90095E   12252.35954447 0.00000000  00000-0  00000-0 0    02
2 96143  14.1584  29.3941 0086528 131.4655 229.2929  0.99285540    07
96668A
1 96168U 96668A   12001.00000000  .00000000  00000-0  00000-0 0    02
2 96168  13.5499  18.9990 0123566 340.4173 270.9978  1.00207666    04
