DTUSAT                  
1 27842U 03031C   13027.01648105  .00000085  00000-0  58943-4 0  5967
2 27842  98.6924  38.3997 0008253 271.9063 141.3602 14.21392669496805
CUTE-1 (CO-55)          
1 27844U 03031E   13027.55284679  .00000114  00000-0  72688-4 0  5651
2 27844  98.7037  38.6676 0008697 296.9912 209.1086 14.21152447496753
QUAKESAT                
1 27845U 03031F   13027.51955942  .00000176  00000-0  10178-3 0  6122
2 27845  98.7130  38.6041 0007965 320.4027 194.5726 14.20912094496615
AAU CUBESAT             
1 27846U 03031G   13026.72532736  .00000134  00000-0  81479-4 0  4795
2 27846  98.6924  38.0993 0008454 277.4543  82.5636 14.21390655496760
CANX-1                  
1 27847U 03031H   13027.24952082  .00000155  00000-0  90904-4 0  4756
2 27847  98.6918  38.5837 0008450 275.5349  84.4846 14.21359608496784
CUBESAT XI-IV (CO-57)   
1 27848U 03031J   13027.01771699  .00000088  00000-0  61026-4 0  5136
2 27848  98.7118  37.5797 0008651 305.2408 119.5153 14.20886556496611
UWE-1                   
1 28892U 05043C   13027.55377118  .00000387  00000-0  87823-4 0  4345
2 28892  97.8823 248.2646 0017896 160.7965 258.9691 14.60922934386529
CUBESAT XI-V (CO-58)    
1 28895U 05043F   13027.61713831  .00000431  00000-0  96813-4 0  3901
2 28895  97.8859 249.6672 0017951 161.5200 198.6663 14.60946937386425
NCUBE-2                 
1 28897U 05043H   13027.42095535  .00000597  00000-0  13000-3 0  9653
2 28897  97.8855 249.4081 0016954 160.8933 199.2878 14.61204856378718
CSTB1                   
1 31122U 07012F   13027.57503468  .00000083  00000-0  27268-4 0  7279
2 31122  97.8618  37.9520 0084098 112.0562 248.9603 14.56784780307262
MAST                    
1 31126U 07012K   13027.52090551  .00000239  00000-0  62885-4 0  6683
2 31126  97.8749  31.5273 0094186 130.8714 230.0675 14.54418233306874
LIBERTAD-1              
1 31128U 07012M   13027.43725817 -.00000045  00000-0  00000+0 0  7374
2 31128  97.8872  27.6513 0101500 146.0215 214.7534 14.53197188306549
POLYSAT CP3             
1 31129U 07012N   13027.05816876  .00000380  00000-0  95326-4 0  3758
2 31129  97.8869  27.7481 0101069 146.1874 214.5805 14.53439787306490
CAPE1                   
1 31130U 07012P   13027.46317703  .00000538  00000-0  13114-3 0  6808
2 31130  97.8879  27.7925 0101412 145.8414 214.9386 14.53283266306345
POLYSAT CP4             
1 31132U 07012Q   13026.57571445  .00000168  00000-0  45759-4 0  6806
2 31132  97.8615  36.0809 0085108 116.0973 244.9013 14.56303034306969
NTS (CANX-6)            
1 32784U 08021B   13027.81819861  .00000556  00000-0  74984-4 0  5369
2 32784  97.7704  88.0381 0016233  50.4978  14.1558 14.82825789256973
CUTE-1.7+APD II (CO-65) 
1 32785U 08021C   13027.83189247  .00000628  00000-0  82430-4 0  5376
2 32785  97.7713  89.2678 0015209  52.1851  13.9962 14.83556630257061
COMPASS-1               
1 32787U 08021E   13027.20043060  .00001152  00000-0  14120-3 0  5284
2 32787  97.7717  89.3482 0015669  51.8881 341.3288 14.84938911257044
AAUSAT-II               
1 32788U 08021F   13027.18297979  .00001122  00000-0  13634-3 0  5198
2 32788  97.7724  89.8535 0015177  51.8577 341.8816 14.85349220257078
DELFI-C3 (DO-64)        
1 32789U 08021G   13027.78453069  .00002508  00000-0  28204-3 0  5423
2 32789  97.7861  93.4495 0014636  44.7411  94.3059 14.87514019257244
CANX-2                  
1 32790U 08021H   13026.87087359  .00000726  00000-0  94545-4 0  5296
2 32790  97.7684  87.9021 0015950  55.5783   4.5815 14.83445187256892
SEEDS II (CO-66)        
1 32791U 08021J   13027.71613623  .00000869  00000-0  10997-3 0  5162
2 32791  97.7722  89.3818 0016067  50.5554  95.7395 14.84185515257036
SWISSCUBE               
1 35932U 09051B   13027.26670863  .00000476  00000-0  12542-3 0  9385
2 35932  98.3492 135.2508 0009075 133.1956 279.7380 14.53360740177400
BEESAT                  
1 35933U 09051C   13027.78597550  .00000431  00000-0  10270-3 0  1967
2 35933  98.3452 136.2844 0006184 141.7682 218.4451 14.53788791177544
UWE-2                   
1 35934U 09051D   13027.72801550  .00000373  00000-0  89210-4 0  5791
2 35934  98.3416 135.7113 0007107 144.1297 216.0874 14.53672229177533
ITUPSAT 1               
1 35935U 09051E   13027.79223636  .00001974  00000-0  48744-3 0  1297
2 35935  98.3553 136.4737 0008686 130.6926 229.4887 14.53164037177465
TISAT 1                 
1 36799U 10035E   13027.78119283  .00001203  00000-0  15525-3 0  7530
2 36799  98.0446 111.6555 0015142 160.0368 200.1429 14.82806402137765
DICE-F                  
1 37851U 11061B   13027.89358935  .00002178  00000-0  17629-3 0  4100
2 37851 101.7172 176.7968 0241409  69.7806 292.9178 14.81776501 67646
DICE-Y                  
1 37852U 11061C   13027.87364841  .00002514  00000-0  19991-3 0  4087
2 37852 101.7183 177.0471 0238925  69.1548 293.5078 14.82461083 67652
RAX-2                   
1 37853U 11061D   13027.88181160  .00002297  00000-0  18448-3 0  4107
2 37853 101.7118 176.7007 0239096  69.2201 293.4464 14.82267303 67656
AUBIESAT-1              
1 37854U 11061E   13027.42760227  .00002326  00000-0  18332-3 0  4087
2 37854 101.7149 176.6291 0239394  69.4603 293.2103 14.82856362 67594
M-CUBED & EXP-1 PRIME   
1 37855U 11061F   13027.87597036  .00002304  00000-0  18251-3 0  4045
2 37855 101.7155 177.1414 0240107  68.4749 294.1878 14.82592611 67659
E-ST@R                  
1 38079U 12006C   13027.69622183  .00045297  33043-5  99826-3 0  8414
2 38079  69.4853 155.8899 0670176 320.6340  34.8127 14.33080237 49531
2012-006D               
1 38080U 12006D   13027.70122051  .00030304  00000-0  67167-3 0  7931
2 38080  69.4761 155.6581 0667202 321.0190  34.4617 14.33283261 49533
MASAT 1                 
1 38081U 12006E   13027.80248020  .00030663  00000-0  67726-3 0  8264
2 38081  69.4772 155.6677 0668476 320.7986  34.6618 14.33081980 49543
XATCOBEO                
1 38082U 12006F   13027.76548822  .00049593  34089-5  10568-2 0  8816
2 38082  69.4811 152.9015 0647150 318.8557  36.5578 14.38624133 49625
PW-SAT                  
1 38083U 12006G   13027.67326696  .00033003  00000-0  71562-3 0  9767
2 38083  69.4825 154.4127 0656108 319.8311  35.6057 14.36074088 49576
2012-006H               
1 38084U 12006H   13027.66821000  .00040811  32446-5  88317-3 0  8669
2 38084  69.4850 156.8318 0676076 321.1225  34.3129 14.32237142 49506
2012-006J               
1 38085U 12006J   13027.66843477  .00036610  31934-5  80869-3 0  7905
2 38085  69.4869 157.2062 0677720 321.3075  34.1303 14.31524870 49496
RAIKO                   
1 38852U 98067CN  13027.57359057  .00032989  00000-0  40870-3 0  1243
2 38852  51.6501  83.5423 0013718 194.6447 165.4158 15.59644470 17829
FITSAT-1 (NIWAKA)       
1 38853U 98067CP  13027.57840139  .00040957  00000-0  47412-3 0  1221
2 38853  51.6521  82.8328 0011126 210.7490 149.2884 15.61351210 17889
TECHEDSAT               
1 38854U 98067CQ  13027.50881220  .00066229  00000-0  64488-3 0  1357
2 38854  51.6446  81.6080 0007746 214.3555 145.6941 15.65593816 17892
F-1                     
1 38855U 98067CR  13027.52436856  .00063203  00000-0  62760-3 0  1395
2 38855  51.6442  81.7096 0009510 215.7265 144.3199 15.65102708 17786
WE-WISH                 
1 38856U 98067CS  13026.53597514  .00159182  00000-0  99546-3 0  1579
2 38856  51.6399  83.3258 0003955 209.6370 150.4425 15.75822449 17672
