SAUDISAT 1A             
1 26545U 00057A   13027.38411905  .00000398  00000-0  67450-4 0  3796
2 26545  64.5525   6.8040 0056637 272.7623  86.7007 14.81952661666712
UNISAT                  
1 26547U 00057C   13027.38522164  .00001031  00000-0  13548-3 0  3959
2 26547  64.5554 338.2455 0060681 276.7714  82.6523 14.84689208667308
SAUDISAT 1B             
1 26549U 00057E   13027.18419727  .00000469  00000-0  78030-4 0  4671
2 26549  64.5568  31.5136 0060960 277.5543 155.4438 14.80737428666197
MOZHAYETS               
1 27560U 02054B   13027.77836652  .00000287  00000-0  74583-4 0  2348
2 27560  97.9806 186.2549 0043379  55.8547 304.6758 14.55858806538825
SAUDISAT 1C             
1 27607U 02058C   13027.00958545  .00000169  00000-0  47128-4 0  9774
2 27607  64.5595 333.8726 0064079 201.5613 158.2765 14.72745820542920
UNISAT 2                
1 27608U 02058D   13026.89507883  .00000113  00000-0  36857-4 0  9862
2 27608  64.5585 281.2094 0044757 199.7902 160.1483 14.75546037544017
SAUDISAT 2              
1 28371U 04025F   13027.81639000  .00000093  00000-0  32543-4 0  6161
2 28371  97.9350  27.3805 0024874 267.7683  92.0667 14.53344898455154
UNISAT 3                
1 28373U 04025H   13027.35505386  .00000292  00000-0  95001-4 0  4438
2 28373  98.1313 356.3113 0071128  40.5909 320.0569 14.44022263452608
SSETI EXPRESS (XO-53)   
1 28894U 05043E   13026.67326002  .00000133  00000-0  36565-4 0  6006
2 28894  97.8781 246.7824 0018144 167.1015 224.3138 14.60246920386368
SAUDISAT 3              
1 31118U 07012B   13027.72441555  .00000114  00000-0  27754-4 0  2189
2 31118  97.8413  81.8216 0015532 358.0659   2.0473 14.68358002309933
