ATS 1                   
1 02608U 66110A   13027.19748212  .00000000  00000-0  10000-3 0  3995
2 02608   5.6937 305.1064 0005854 188.8422 171.3542  1.00376113 85752
ATS 3                   
1 03029U 67111A   13024.81065722 -.00000084  00000-0  10000-3 0   393
2 03029   7.4805 310.4813 0017509  87.1453 273.2082  1.00271953165598
ORIZURU (DEBUT)         
1 20479U 90013B   13026.80613056 -.00000031  00000-0 -32959-5 0  4608
2 20479  99.0464  83.1804 0539897  54.8070  55.7312 12.83740320 76359
SURFSAT                 
1 23711U 95059B   13026.98158797  .00000197  00000-0  47847-3 0  2867
2 23711 100.3939  16.5044 0368250 351.3551   8.1267 13.12619713825584
MAQSAT H                
1 25023U 97066A   13024.39496390  .00000041  00000-0  91151-3 0  1901
2 25023   7.6047 196.3894 6499333 165.7110 261.8662  3.09655773172158
MAQSAT B                
1 25024U 97066B   13027.63837736  .00000034  00000-0  23897-3 0  2326
2 25024   7.6260 191.8687 6509028 174.0082 201.3511  3.08787175172030
TEAMSAT                 
1 25025U 97066C   13027.60287734  .00000011  00000-0  82647-4 0  1942
2 25025   7.6691 210.6778 6514826 137.0407 298.1135  3.07928070171295
OPAL (OO-38)            
1 26063U 00004C   13027.76711075  .00000008  00000-0  22684-4 0  6012
2 26063 100.2103  77.0536 0037296 142.2261 331.5667 14.36153078681474
FALCONSAT               
1 26064U 00004D   13026.76544312 -.00000002  00000-0  19519-4 0  5624
2 26064 100.2141  72.9862 0038456 154.6816 319.3862 14.35674190681131
PICOSAT 1 & 2 [TETHERED]
1 26080U 00004H   13027.71660118  .00000182  00000-0  74217-4 0   439
2 26080 100.1919 112.1628 0032243  64.5477 295.9008 14.41215693681629
PICOSAT 3               
1 26091U 00004J   13026.88539658  .00000583  00000-0  18315-3 0  7025
2 26091 100.1879 129.9921 0030708   8.2929 351.8756 14.45113673681888
PICOSAT 4               
1 26092U 00004K   13026.76599193  .00000279  00000-0  10382-3 0  5142
2 26092 100.1889 103.5772 0035018  61.2578 299.2109 14.41314812680701
PICOSAT 5               
1 26093U 00004L   13027.19446024  .00000614  00000-0  18492-3 0  4361
2 26093 100.1837 140.7378 0031696 338.8719  21.1174 14.46930243682778
PICOSAT 6               
1 26094U 00004M   13027.16939568  .00000331  00000-0  12155-3 0  4860
2 26094 100.1944 101.3189 0035079  75.9209 284.5869 14.40546438680174
SNAP 1                  
1 26386U 00033C   13027.79590240  .00000293  00000-0  62147-4 0  8267
2 26386  98.2097  93.7080 0011949  14.6808 345.4738 14.66187502672582
PICOSAT 9               
1 26930U 01043B   13027.01421051  .00000006  00000-0  34216-4 0  2309
2 26930  66.9999 232.1419 0005266 216.6815 143.3922 14.30255402591465
PROBA-1                 
1 26958U 01049B   13027.81369184  .00000715  00000-0  73376-4 0  7190
2 26958  97.4568  50.4290 0077865 293.2719  66.0322 14.91283611612506
BIRD 2                  
1 26959U 01049C   13027.73164534  .00002411  00000-0  11944-3 0  5100
2 26959  97.8806 242.2372 0013019 224.5257 206.2622 15.18764304621923
CUTE-1 (CO-55)          
1 27844U 03031E   13027.55284679  .00000114  00000-0  72688-4 0  5651
2 27844  98.7037  38.6676 0008697 296.9912 209.1086 14.21152447496753
CANX-1                  
1 27847U 03031H   13027.24952082  .00000155  00000-0  90904-4 0  4756
2 27847  98.6918  38.5837 0008450 275.5349  84.4846 14.21359608496784
CUBESAT XI-IV (CO-57)   
1 27848U 03031J   13027.01771699  .00000088  00000-0  61026-4 0  5136
2 27848  98.7118  37.5797 0008651 305.2408 119.5153 14.20886556496611
NAXING 1                
1 28221U 04012B   13027.11415573  .00000709  00000-0  79548-4 0  4226
2 28221  97.4992   7.3935 0012859 128.6502 291.1224 14.89631250476651
ST5-A                   
1 28980U 06008A   13027.17399429  .00010463  00000-0  57112-3 0  1757
2 28980 105.6239  67.6850 2248184  80.1396 335.9848 10.84018660266191
ST5-B                   
1 28981U 06008B   13027.31811492  .00023411  23469-5  67894-3 0  1814
2 28981 105.4832 136.2245 2101099 338.0064  37.8477 11.23866045270069
ST5-C                   
1 28982U 06008C   13025.20866523  .00020374  19726-5  69547-3 0  2450
2 28982 105.5160 113.0679 2154343  15.2881  30.5875 11.10554440268552
GENESIS 1               
1 29252U 06029A   13027.16989277  .00001401  00000-0  10422-3 0  8110
2 29252  64.5103  85.2244 0027396 211.6183 148.3299 15.07188247359506
FALCONSAT-3             
1 30776U 07006E   13027.32158221  .00002923  00000-0  18143-3 0  5377
2 30776  35.4327 345.9290 0002371 204.2202 282.1008 15.09457389324119
GENESIS 2               
1 31789U 07028A   13027.52624097  .00001655  00000-0  11950-3 0  5557
2 31789  64.5088 117.4183 0055630 261.1487 184.0335 15.06777562306722
APRIZESAT 4             
1 35684U 09041D   13027.21239885  .00000515  00000-0  79470-4 0  1007
2 35684  98.0597 303.8469 0048636 215.7528 144.0408 14.76966157188488
APRIZESAT 3             
1 35686U 09041F   13027.52719462  .00000471  00000-0  60778-4 0  1177
2 35686  98.1017 319.6109 0077611 178.3937 181.7540 14.83889428189374
PROBA-2                 
1 36037U 09059B   13026.90571260  .00000057  00000-0  25048-4 0   350
2 36037  98.2971 220.6829 0012818 220.4932 271.3672 14.52328318171507
PRISMA (MANGO)          
1 36599U 10028B   13027.94469102  .00000194  00000-0  72232-4 0  4608
2 36599  98.3137 202.7350 0042601 183.9362 176.1467 14.41334799137883
PRISMA (TANGO)          
1 36827U 10028F   13028.01411568  .00000167  00000-0  64183-4 0   437
2 36827  98.3128 202.8025 0042773 183.6246 176.4570 14.41334576129641
APRIZESAT 5             
1 37792U 11044E   13027.78945205  .00000303  00000-0  54175-4 0  5786
2 37792  98.2265 120.0524 0061894 110.9425 249.8414 14.72925364 77926
APRIZESAT 6             
1 37793U 11044F   13027.81324820  .00000310  00000-0  59178-4 0  5983
2 37793  98.2223 117.5804 0049778 114.8413 245.7977 14.70211930 77788
ALMASAT-1               
1 38078U 12006B   13027.71845554  .00013264  00000-0  34143-3 0  9520
2 38078  69.4804 165.2610 0723466 325.6597  29.9687 14.18431234 49280
