LES 9                   
1 08747U 76023B   13026.26100977 -.00000081  00000-0  10000-3 0  8834
2 08747  12.7138 114.3341 0021733  16.5228 343.4783  1.00276538 80650
GOES 3                  
1 10953U 78062A   13026.91737088 -.00000087  00000-0  10000-3 0   896
2 10953  14.5386 348.2386 0004821  75.5179 284.5787  1.00277607 79906
ESIAFI 1 (COMSTAR 4)    
1 12309U 81018A   13027.41824874  .00000000  00000-0  10000-3 0  6401
2 12309  14.6811 358.1602 0002423 353.2139   6.8242  1.00269620118435
SATCOM C5               
1 13631U 82105A   13025.99563710 -.00000104  00000-0  10000-3 0  1005
2 13631  14.3494  18.2273 0003951 315.5891  44.4271  1.00272372 77341
GSTAR 1                 
1 15677U 85035A   13027.03999805 -.00000101  00000-0  00000+0 0  6149
2 15677  13.2066  35.4821 0007199 317.5697  42.4446  1.00272317 76216
GSTAR 3                 
1 19483U 88081A   13025.96555508 -.00000108  00000-0  10000-3 0  8694
2 19483  15.6205   7.6946 0007642  44.5509 315.5472  1.00272744 85584
TDRS 3                  
1 19548U 88091B   13026.85700455  .00000000  00000-0  10000-3 0    39
2 19548  13.9858  25.7391 0011221 326.7602  33.2282  1.00258625 76386
LEASAT 5                
1 20410U 90002B   13027.02022199 -.00000070  00000-0  10000-3 0  8368
2 20410  10.3700  25.7177 0000999 271.3686 268.6456  1.00272400 69670
INTELSAT 603 (IS-603)   
1 20523U 90021A   13027.78429747  .00000000  00000-0  10000-3 0  2082
2 20523   9.3192  51.3497 0000634 278.2527  81.8332  1.00123369 76332
COSMOS 2085             
1 20693U 90061A   13027.48755792  .00000000  00000-0  10000-3 0  3848
2 20693  14.1386  22.1159 0003942  34.3458 325.7367  1.00273257 82482
SKYNET 4C               
1 20776U 90079A   13025.81092986 -.00000029  00000-0  10000-3 0  5746
2 20776  12.2774  33.3035 0003587 273.4616 109.1244  1.00272394 81914
INMARSAT 2-F1           
1 20918U 90093A   13026.52277745 -.00000353  00000-0  10000-3 0  3116
2 20918   9.2913  42.5756 0003246 252.8973 127.7096  1.00273654 77909
COSMOS 2133             
1 21111U 91010A   13027.52903156  .00000000  00000-0  10000-3 0  5777
2 21111  13.4999  27.8645 0007277  31.6553 328.4533  1.00275707 80422
INMARSAT 2-F2           
1 21149U 91018A   13027.65654058  .00000104  00000-0  00000+0 0  3716
2 21149   8.6284  43.7510 0003739 257.1932 280.5324  1.00275675 80205
TDRS 5                  
1 21639U 91054B   13027.55225845  .00000100  00000-0  10000-3 0  2100
2 21639  12.5219  39.7354 0017568 341.0216 137.6119  1.00281326 78701
GORIZONT 27             
1 22245U 92082A   13027.45083331  .00000000  00000-0  10000-3 0  8618
2 22245  13.6058  30.2551 0011212 270.1799  89.7570  1.00147505 78170
COSMOS 2224             
1 22269U 92088A   13027.52179186  .00000000  00000-0  10000-3 0  9545
2 22269  12.8393  33.0638 0003430 100.0364 260.0743  1.00147132 73153
TDRS 6                  
1 22314U 93003B   13027.37731475 -.00000284  00000-0  10000-3 0  2405
2 22314  11.9394  42.5530 0013172 319.5630 214.5031  1.00261046 73423
ASTRA 1C                
1 22653U 93031A   13026.81493456  .00000000  00000-0  10000-3 0   160
2 22653   5.6306  61.6115 0004946 212.7662 147.2859  1.00272143 67266
ACTS                    
1 22796U 93058B   13026.05919756 -.00000103  00000-0  10000-3 0  1222
2 22796  12.1330  41.8374 0015560 349.2497  10.7872  1.00271695 77875
INTELSAT 701 (IS-701)   
1 22871U 93066A   13025.52785747 -.00000139  00000-0  10000-3 0   674
2 22871   0.9814  77.2235 0004217 220.8771 173.8891  1.00271905 70426
SOLIDARIDAD 1           
1 22911U 93073A   13027.08323272 -.00000071  00000-0  10000-3 0  6458
2 22911  10.7363  47.2009 0004547 100.4631 259.6717  1.00271494 68890
NATO 4B                 
1 22921U 93076A   13027.65787249  .00000000  00000-0  10000-3 0  8445
2 22921  10.3893  39.3562 0003608 250.0274 110.0216  1.00271020 70008
INTELSAT 702 (IS-702)   
1 23124U 94034A   13026.76908832  .00000000  00000-0  10000-3 0  8754
2 23124   1.3357  76.1789 0002661 236.6247 123.2686  1.00272346 81817
APSTAR 1                
1 23185U 94043A   13027.44845326 -.00000089  00000-0  10000-3 0  2500
2 23185   7.3822  56.3119 0001834 271.8968 123.0550  1.00271529 67821
DIRECTV 2 (DBS 2)       
1 23192U 94047A   13026.27370415 -.00000097  00000-0  00000+0 0   618
2 23192   5.4907  62.3557 0010364 224.4433 135.5442  0.98636111 77449
OPTUS B3                
1 23227U 94055A   13026.59821361 -.00000077  00000-0  10000-3 0  1256
2 23227   4.5127  64.3618 0003022 246.8086 194.2037  1.00273288 67433
NSS-703                 
1 23305U 94064A   13023.21225517 -.00000281  00000-0  00000+0 0  7663
2 23305   2.9725  69.2985 0003400 234.2743 208.4557  1.00270975 67129
SOLIDARIDAD 2           
1 23313U 94065A   13027.37400454 -.00000028  00000-0  10000-3 0  2769
2 23313   4.3057  65.0556 0003893 246.0056 195.4342  1.00273003 67036
ASTRA 1D                
1 23331U 94070A   13027.79946935  .00000132  00000-0  10000-3 0  5230
2 23331   4.7126  63.4108 0003411 229.5711 145.1315  1.00273672 67283
RADUGA 32               
1 23448U 94087A   13027.55489139  .00000000  00000-0  10000-3 0  5907
2 23448  12.7999  37.0733 0005533 122.1511 237.9775  1.00273118 83927
BRASILSAT B2            
1 23536U 95016A   13027.39625537 -.00000272  00000-0  10000-3 0  7728
2 23536   4.3471  65.2693 0002121 235.7433 260.4253  1.00270273 65380
AMSC 1                  
1 23553U 95019A   13027.56155058 -.00000105  00000-0  10000-3 0  6101
2 23553   7.4976  56.3041 0005081 226.6470 302.8832  1.00272626 65196
INTELSAT 706 (IS-706)   
1 23571U 95023A   13026.62493302 -.00000144  00000-0  10000-3 0  6944
2 23571   1.2674  75.8389 0003635 200.0235 229.0499  1.00380462 64806
TDRS 7                  
1 23613U 95035B   13026.79112700 -.00000193  00000-0  10000-3 0  3831
2 23613  13.4758  33.1734 0031824 346.4388 116.2070  1.00277224 64226
TELSTAR 4 (TELSTAR 402R)
1 23670U 95049A   13025.10916837 -.00000070  00000-0  10000-3 0  3997
2 23670   8.2937  53.9273 0001879 262.3851  97.6571  1.00301165 63506
LUCH 1                  
1 23680U 95054A   13027.56471953  .00000000  00000-0  10000-3 0  2217
2 23680  11.7978  46.4016 0008531   5.4419 354.6495  1.00274240 63381
ASTRA 1E                
1 23686U 95055A   13027.54936197  .00000000  00000-0  10000-3 0  6560
2 23686   2.3081  72.8769 0003508 178.9269 181.1277  1.00262867 63343
ECHOSTAR 1              
1 23754U 95073A   13026.10567597 -.00000240  00000-0  10000-3 0  8199
2 23754   0.0418 251.1579 0002135  52.7974 142.4731  1.00270928 62415
AFRICASAT-1 (MEASAT-1)  
1 23765U 96002B   13027.69694329  .00000000  00000-0  10000-3 0  5317
2 23765   4.6667  63.9059 0002359 196.8035 163.2891  1.00271047 62401
ABS-1A                  
1 23768U 96003A   13027.72829376 -.00000087  00000-0  10000-3 0  7630
2 23768   5.4061  61.9029 0000336 296.0054 106.1678  1.00271445 62392
INTELSAT 707 (IS-707)   
1 23816U 96015A   13027.07273780 -.00000065  00000-0  10000-3 0  5541
2 23816   0.2239  75.1227 0070349 243.7597  40.5658  0.98482287 61814
INMARSAT 3-F1           
1 23839U 96020A   13027.91764226  .00000011  00000-0  10000-3 0  6704
2 23839   0.7788  73.8557 0005959 228.8608 219.4694  1.00274338 61611
ASTRA 1F                
1 23842U 96021A   13027.72776778  .00000087  00000-0  00000+0 0  7993
2 23842   0.0468  24.6856 0004586 307.3774 111.9391  1.00272804 61527
MSAT M1                 
1 23846U 96022A   13024.07844245 -.00000085  00000-0  10000-3 0  3965
2 23846   4.9102  63.1782 0005820 238.5130 103.5884  1.00272860 61399
PALAPA C2               
1 23864U 96030A   13025.68554230 -.00000198  00000-0  10000-3 0  6456
2 23864   2.4658  71.0470 0002228 213.4640 237.9202  1.00272367 61148
INTELSAT 709 (IS-709)   
1 23915U 96035A   13026.82122586  .00000126  00000-0  10000-3 0  7046
2 23915   0.6712  79.0557 0003177 221.0425 169.3105  1.00275204 60894
APSTAR 1A               
1 23943U 96039A   13026.74873876  .00000098  00000-0  10000-3 0   363
2 23943   6.7077  58.0915 0000925 236.5498 152.9352  1.00275237 60708
INMARSAT 3-F2           
1 24307U 96053A   13024.11345194 -.00000123  00000-0  10000-3 0  5589
2 24307   0.0834  33.3624 0006242 268.3169 207.2368  1.00272351 59994
ECHOSTAR 2              
1 24313U 96055A   13025.03150821 -.00000265  00000-0  10000-3 0  5386
2 24313   3.9467  65.9706 0003603 332.5804  27.4181  1.00225777 60037
AMC-1 (GE-1)            
1 24315U 96054A   13026.52796021 -.00000101  00000-0  10000-3 0    36
2 24315   0.0173 343.1037 0003383 316.7119 273.1985  1.00272232 60004
ARABSAT-2B              
1 24652U 96063A   13027.79147382  .00000000  00000-0  10000-3 0  7102
2 24652   0.4356  81.5959 0003017 238.8744 120.7316  1.00112175 56978
AFRICASAT-2 (MEASAT-2)  
1 24653U 96063B   13027.44806449 -.00000220  00000-0  10000-3 0  8039
2 24653   4.6237  63.9530 0000262 337.8247  34.4068  1.00271591 59414
EUTELSAT 48A            
1 24665U 96067A   13027.70200934  .00000000  00000-0  10000-3 0  6462
2 24665   3.3589  68.0526 0004452 222.5682 137.4900  1.00273262 58495
INMARSAT 3-F3           
1 24674U 96070A   13024.65428183  .00000041  00000-0  10000-3 0  5953
2 24674   0.1588  77.3457 0006172 231.7391 228.6829  1.00275253 58951
AMC-2 (GE-2)            
1 24713U 97002A   13027.79937025  .00000119  00000-0  10000-3 0  5520
2 24713   1.1537  75.8886 0004825 238.3606 119.7321  1.00273016  9390
INTELSAT 26 (IS-26)     
1 24732U 97007A   13027.76791021  .00000110  00000-0  10000-3 0  3335
2 24732   4.5821  64.1093 0003713 241.3575 148.4023  1.00272914 58319
INTELSAT 801 (IS-801)   
1 24742U 97009A   13026.10691491 -.00000216  00000-0  10000-3 0  2512
2 24742   3.8069  66.7124 0005244 239.6972 188.1437  1.00272949 58308
DFH 3-2                 
1 24798U 97021A   13027.57367745  .00000000  00000-0  10000-3 0  1453
2 24798   8.0356  54.7541 0010250 352.0841   7.9952  1.00166493 57577
THOR II                 
1 24808U 97025A   13027.42402324 -.00000117  00000-0  10000-3 0  2705
2 24808   3.8668  64.1165 0003762 238.0307 267.2946  0.98971389 57483
GALAXY 25 (G-25)        
1 24812U 97026A   13026.38414624 -.00000162  00000-0  00000+0 0  5541
2 24812   0.0059  38.0724 0003144 265.4799 227.4554  1.00271455 57434
INMARSAT 3-F4           
1 24819U 97027A   13025.11008904 -.00000287  00000-0  10000-3 0  4406
2 24819   2.7151  68.9347 0005013 235.4289 165.8385  1.00270978 57384
SUPERBIRD-A3            
1 24880U 97036A   13027.57532300  .00000000  00000-0  10000-3 0  4208
2 24880   3.6965  66.8980 0002990  19.3729 340.7309  1.00264930 56722
ABS-3 (AGILA 2)         
1 24901U 97042A   13025.11137731 -.00000029  00000-0  10000-3 0  7896
2 24901   1.7266  75.0697 0004992 225.4762 221.0053  1.00272433 56529
INTELSAT 5 (IS-5)       
1 24916U 97046A   13027.84605953 -.00000352  00000-0  10000-3 0  4632
2 24916   0.2856  79.5249 0003434 223.3179 256.9835  1.00127296 56616
METEOSAT-7              
1 24932U 97049B   13027.63064705  .00000062  00000-0  10000-3 0  4721
2 24932   8.1533  53.7821 0002136 206.9686 150.7245  1.00271379 56428
AMC-3 (GE-3)            
1 24936U 97050A   13026.38478656 -.00000272  00000-0  10000-3 0  5176
2 24936   0.0327 290.9237 0002979 349.8618 276.5440  1.00271530 56419
NSS-5                   
1 24957U 97053A   13027.63288034  .00000113  00000-0  00000+0 0  4975
2 24957   0.5957  78.8064 0003732 220.4794 106.0838  1.00273244 56225
ECHOSTAR 3              
1 25004U 97059A   13026.38490853 -.00000281  00000-0  10000-3 0  4118
2 25004   0.0257 332.3825 0001898 333.9813 256.2164  1.00270469 56117
INDOSTAR 1              
1 25050U 97071B   13027.54660532  .00000000  00000-0  10000-3 0  8858
2 25050   6.5649  58.4408 0001275 304.1198  55.9664  1.00189853 55576
JCSAT-1B                
1 25067U 97075A   13027.59029909 -.00000202  00000-0  10000-3 0  7340
2 25067   2.4839  70.8134 0005161 235.0187 183.6854  1.00272014 55541
ASTRA 1G                
1 25071U 97076A   13027.65354874  .00000155  00000-0  00000+0 0  2633
2 25071   0.0473 323.2258 0003267 325.8447 104.7694  1.00273271 55551
HGS-1 (ASIASAT 3)       
1 25126U 97086A   13025.05657463 -.00000271  00000-0  10000-3 0  7244
2 25126   4.6689  78.8075 0045349 271.1627  88.2794  1.00190577 56107
BRASILSAT B3            
1 25152U 98006A   13027.45821183 -.00000208  00000-0  10000-3 0  7817
2 25152   0.8410  80.4017 0001070 136.3929 353.2861  1.00158996 54940
INMARSAT 3-F5           
1 25153U 98006B   13027.59452681  .00000000  00000-0  10000-3 0  4553
2 25153   0.3115   1.7983 0003241 297.2214  66.8395  1.00274224 54607
EUTELSAT 16B            
1 25237U 98013A   13027.81650740  .00000000  00000-0  10000-3 0  5488
2 25237   1.1299  77.0397 0005318 218.8087 141.1430  1.00272113 54063
NSS-806                 
1 25239U 98014A   13026.64935645 -.00000261  00000-0  10000-3 0   295
2 25239   0.0175 350.1218 0003543 310.4011  18.8070  1.00270410 54694
NILESAT 101             
1 25311U 98024A   13027.10369123 -.00000057  00000-0  10000-3 0  3815
2 25311   0.1348  72.7832 0005388 254.2752 189.8206  1.00273240 54305
COSMOS 2350             
1 25315U 98025A   13027.57343887  .00000000  00000-0  10000-3 0  7989
2 25315  10.1924  46.7771 0007800  21.2633 338.8582  1.00255143 54039
CHINASAT 5A (ZX 5A)     
1 25354U 98033A   13027.89786422 -.00000207  00000-0  10000-3 0  6396
2 25354   0.0123  92.3514 0003162 209.9378 235.8278  1.00272585 58278
THOR III                
1 25358U 98035A   13026.80275584 -.00000038  00000-0  10000-3 0  1380
2 25358   2.4085  71.1373 0002241 224.8996 114.8824  1.00273549 53686
INTELSAT 805 (IS-805)   
1 25371U 98037A   13025.38896692 -.00000285  00000-0  10000-3 0   549
2 25371   0.0455 249.9491 0003407  55.5166 263.8990  1.00272092 53529
CHINASAT 5B (ZX 5B)     
1 25404U 98044A   13025.46627097  .00000000  00000-0  10000-3 0  1246
2 25404   1.1847  75.2449 0003884 161.0018 198.7975  1.00123927 52265
ST-1                    
1 25460U 98049A   13023.78154481 -.00000213  00000-0  10000-3 0  3966
2 25460   1.2417  75.8977 0004155 229.9657 186.8863  1.00271405 52829
ASTRA 2A                
1 25462U 98050A   13027.80101603  .00000151  00000-0  00000+0 0  5355
2 25462   0.0494 120.7215 0000834  55.4490 267.5879  1.00274332 52854
INTELSAT 7 (IS-7)       
1 25473U 98052A   13027.80049072 -.00000025  00000-0  00000+0 0  5452
2 25473   0.0071 347.8302 0003375 307.1643 189.0515  1.00273225 52637
SIRIUS 3                
1 25492U 98056B   13026.75014487  .00000106  00000-0  10000-3 0  2183
2 25492   3.5033  67.5456 0001218 222.1462 157.7334  1.00274181 52519
EUTELSAT 25A            
1 25495U 98057A   13027.82020492  .00000144  00000-0  10000-3 0  4497
2 25495   0.1256  68.5885 0005720 246.2926 133.0929  1.00271398 52438
AFRISTAR                
1 25515U 98063A   13026.83421543  .00000128  00000-0  10000-3 0  1690
2 25515   0.5535  76.7713 0004312 222.1227 148.6594  1.00274065 52208
AMC-5 (GE-5)            
1 25516U 98063B   13025.38837234 -.00000227  00000-0  10000-3 0  1600
2 25516   2.2565  72.1202 0004757 226.4311 245.1535  1.00270362 52224
INTELSAT 8 (IS-8)       
1 25522U 98065A   13025.52277108 -.00000030  00000-0  10000-3 0  3146
2 25522   0.0295 253.0757 0002913  43.4188 185.6646  1.00273045 52180
BONUM-1                 
1 25546U 98068A   13027.70673166  .00000000  00000-0  10000-3 0  3068
2 25546   1.1377  77.6172 0002367 169.9514 190.0200  1.00273219 50806
SATMEX 5                
1 25558U 98070A   13026.60516205 -.00000012  00000-0  10000-3 0  1008
2 25558   0.0108  58.4702 0002473 245.2576 283.3566  1.00272680 52016
GALAXY 26 (G-26)        
1 25626U 99005A   13025.81367752  .00000115  00000-0  10000-3 0  1223
2 25626   0.0363 263.7452 0003211  37.0413 167.3878  1.00273393 51104
JCSAT-4A                
1 25630U 99006A   13027.16513924  .00000000  00000-0  10000-3 0  1495
2 25630   0.0269 257.4430 0002285 173.7270 238.7222  1.00262265 47566
SKYNET 4E               
1 25639U 99009B   13026.79992572  .00000145  00000-0  10000-3 0  2924
2 25639   8.0520  42.2631 0003347 253.0307 151.3359  1.00277989 51014
ASIASAT 3S              
1 25657U 99013A   13025.52649296 -.00000333  00000-0  10000-3 0  4024
2 25657   0.0184 259.5144 0002190  43.2799 117.2191  1.00272008 50788
EUTELSAT 21A            
1 25673U 99018A   13027.73878330  .00000000  00000-0  10000-3 0  5318
2 25673   0.1901  82.1020 0008875 265.4970  93.4628  1.00270849 50277
NIMIQ 1                 
1 25740U 99027A   13027.46891481 -.00000173  00000-0  00000+0 0  2454
2 25740   0.1840  75.9876 0006664 262.9113 225.6928  1.00272722 50182
ASTRA 1H                
1 25785U 99033A   13027.81270395  .00000000  00000-0  10000-3 0  1816
2 25785   0.5805  79.4244 0001812  42.3667 317.4772  1.00273987 47501
TELKOM 1                
1 25880U 99042A   13027.06721314  .00000000  00000-0  10000-3 0  4511
2 25880   0.0116 239.8253 0001891  77.0266 301.7900  1.00264411 49374
ABS-7                   
1 25894U 99046A   13027.44728696 -.00000361  00000-0  10000-3 0  2702
2 25894   0.0551 250.0323 0000862  76.8785  76.8676  1.00273375 48148
GALAXY 27 (G-27)        
1 25922U 99052A   13027.67008326  .00000000  00000-0  10000-3 0  1727
2 25922   0.0116   8.6627 0002148 313.3304  91.4541  1.00272814 46460
ABS-1                   
1 25924U 99053A   13027.18024867  .00000000  00000-0  10000-3 0  2938
2 25924   0.0101 224.3779 0001367 116.3788 285.6961  1.00268029 48817
DIRECTV 1R              
1 25937U 99056A   13027.70338006  .00000000  00000-0  10000-3 0  4321
2 25937   0.5759  76.2802 0001243 242.5034 117.4157  1.00273116 48749
TELSTAR 12 (ORION 2)    
1 25949U 99059A   13027.70707720  .00000000  00000-0  10000-3 0  2698
2 25949   0.0225 275.9879 0002665  22.0313  68.6189  1.00267960 48570
AMC-4 (GE-4)            
1 25954U 99060A   13026.61685826 -.00000272  00000-0  10000-3 0  4680
2 25954   0.0308  59.8780 0000522 284.7399 296.4981  1.00271327 48459
GALAXY 11 (G-11)        
1 26038U 99071A   13027.35229689 -.00000285  00000-0  10000-3 0  5202
2 26038   0.0279 148.2174 0001278 248.9515 160.7524  1.00267005 48084
ZHONGXING-22            
1 26058U 00003A   13027.32212306 -.00000144  00000-0  10000-3 0  1644
2 26058   4.2482  62.9965 0002746 222.9123 137.1683  0.97323342 47687
HISPASAT 1C             
1 26071U 00007A   13023.32542309 -.00000216  00000-0  00000+0 0  9045
2 26071   0.0360  42.6227 0004189 283.6092 243.6897  1.00270122 47580
GARUDA 1                
1 26089U 00011A   13026.94623356  .00000000  00000-0  10000-3 0  1072
2 26089   1.1489 230.3980 0002400  95.1289 264.5217  1.00268370 47190
SUPERBIRD-B2            
1 26095U 00012A   13026.61616508 -.00000092  00000-0  10000-3 0  4081
2 26095   0.0439 244.0770 0002447  61.5799 204.2071  1.00272443 47457
EXPRESS-A2              
1 26098U 00013A   13027.52897567  .00000000  00000-0  10000-3 0  8826
2 26098   6.2530  59.5146 0018687  87.6913 272.6214  1.00260222 46613
ASIASTAR                
1 26107U 00016A   13027.44683104  .00000000  00000-0  10000-3 0  3400
2 26107   0.0167 324.3445 0004121 337.8304  90.4988  1.00264747 43414
EUTELSAT 16C            
1 26243U 00019A   13027.81692950  .00000000  00000-0  10000-3 0  1716
2 26243   1.0629  75.8535 0003749 197.2451 162.7539  1.00273382 43143
EUTELSAT 36A            
1 26369U 00028A   13023.98519648  .00000156  00000-0  10000-3 0  2231
2 26369   0.0650 353.0743 0004199 300.5349 220.5833  1.00273526 46426
TDRS 8                  
1 26388U 00034A   13027.64653358 -.00000218  00000-0  10000-3 0  8150
2 26388   4.4419  73.6076 0003531 181.1128 193.9675  1.00264821 46176
COSMOS 2371             
1 26394U 00036A   13027.56574961  .00000000  00000-0  10000-3 0  1939
2 26394   9.5324  50.3767 0003247   3.3046 356.7885  1.00271234 46023
ECHOSTAR 6              
1 26402U 00038A   13025.38847144 -.00000243  00000-0  10000-3 0  4017
2 26402   0.9692  77.3838 0002894 226.2037 244.2777  1.00271067 45919
INTELSAT 9 (IS-9)       
1 26451U 00043A   13025.11037109 -.00000269  00000-0  10000-3 0  9585
2 26451   0.2647  80.8237 0000941 231.7418 168.5812  1.00270060 45801
BRASILSAT B4            
1 26469U 00046A   13027.51182568 -.00000210  00000-0  10000-3 0  2166
2 26469   0.0630 228.7294 0002431  70.2967 288.1542  1.00274256 45616
NILESAT 102             
1 26470U 00046B   13026.80269486 -.00000057  00000-0  10000-3 0  8608
2 26470   0.0507 277.0603 0006314 356.0786 135.0971  1.00272203 45616
RADUGA-1 5              
1 26477U 00049A   13026.58313131 -.00000079  00000-0  10000-3 0  5432
2 26477   9.4041  50.9213 0002718 353.3791   6.6996  1.00203818 45463
ASTRA 2B                
1 26494U 00054A   13027.09848897  .00000000  00000-0  10000-3 0  1828
2 26494   0.0318 232.5192 0003982  33.8567 283.8174  1.00273026 38057
AMC-7 (GE-7)            
1 26495U 00054B   13025.59509275  .00000097  00000-0  10000-3 0   742
2 26495   0.0205   9.0168 0003158 292.5313 260.7225  1.00274068 45316
NSS-11 (AAP-1)          
1 26554U 00059A   13027.22384174  .00000000  00000-0  10000-3 0  3088
2 26554   0.0320 271.2253 0001254  53.9640 350.2089  1.00266652 41011
N-SAT-110 (JCSAT-110)   
1 26559U 00060A   13027.55578803  .00000000  00000-0  10000-3 0  2545
2 26559   0.0277  81.0930 0000134  17.7315 338.2292  1.00264837 39291
AMC-6 (GE-6)            
1 26580U 00067A   13025.38858578 -.00000258  00000-0  10000-3 0  1786
2 26580   0.0279 288.5978 0002625  20.5228 243.5375  1.00268095 44943
INTELSAT 12 (IS-12)     
1 26590U 00068A   13026.86800197  .00000137  00000-0  10000-3 0  9611
2 26590   0.0120  28.9356 0003935 280.3489 174.4837  1.00273624 44887
INTELSAT 1R (IS-1R)     
1 26608U 00072A   13024.32436375 -.00000282  00000-0  10000-3 0  5863
2 26608   0.0249 214.8148 0000945  61.3821 274.3556  1.00271707 44708
ANIK F1                 
1 26624U 00076A   13026.54660029 -.00000074  00000-0  10000-3 0  9308
2 26624   0.0217 114.1594 0002747 219.4783 241.8217  1.00272078 44708
ASTRA 2D                
1 26638U 00081A   13027.80101691  .00000150  00000-0  00000+0 0  1596
2 26638   0.7467  80.6142 0000894 194.3327 168.6445  1.00276503 44435
AMC-8 (GE-8)            
1 26639U 00081B   13024.51785238  .00000105  00000-0  00000+0 0   754
2 26639   0.0515 274.3975 0002215  16.5540 240.4325  1.00265604 44368
TURKSAT 2A              
1 26666U 01002A   13027.33449763  .00000000  00000-0  10000-3 0  1740
2 26666   0.0379 265.5702 0005446  18.3516   5.2383  1.00270833 41580
SICRAL 1                
1 26694U 01005A   13024.83078133  .00000100  00000-0  10000-3 0  1678
2 26694   4.4198  64.3650 0003316 241.8863 133.2744  1.00274404 43861
SKYNET 4F               
1 26695U 01005B   13027.31424785 -.00000241  00000-0  10000-3 0  8194
2 26695   6.5055  49.5343 0002865 241.6346 274.7174  1.00270811 43869
EUTELSAT 28A            
1 26719U 01011A   13027.57032015  .00000000  00000-0  10000-3 0  3396
2 26719   0.0616 338.6441 0003630 321.0860  61.0584  1.00271592 40589
XM-2 (ROCK)             
1 26724U 01012A   13027.53787060 -.00000022  00000-0  10000-3 0  4257
2 26724   0.1020 273.4529 0003483  36.8135 255.1048  1.00273192 43537
XM-1 (ROLL)             
1 26761U 01018A   13027.53787473 -.00000022  00000-0  10000-3 0  2665
2 26761   0.1015 246.4673 0003855 343.8777 335.0054  1.00273229 43006
INTELSAT 10 (IS-10)     
1 26766U 01019A   13027.85375041  .00000128  00000-0  00000+0 0  1806
2 26766   0.0060  13.7268 0001041  30.2346  78.1142  1.00272550 42917
INTELSAT 901 (IS-901)   
1 26824U 01024A   13026.10720819 -.00000140  00000-0  10000-3 0  9977
2 26824   0.0109 358.9248 0003649 300.3434 206.8679  1.00272218 42649
ASTRA 2C                
1 26853U 01025A   13027.63539655  .00000000  00000-0  10000-3 0  9755
2 26853   0.0430 346.2788 0002813 348.1226  40.6626  1.00273537 42425
ARTEMIS                 
1 26863U 01029A   13027.73046576  .00000000  00000-0  10000-3 0  4290
2 26863  10.3614  51.5587 0002324 256.4351 103.6268  1.00274436 43392
GOES 12                 
1 26871U 01031A   13025.38885258 -.00000284  00000-0  10000-3 0  9097
2 26871   2.7473  70.7427 0002651 234.1197 259.2937  1.00256488 42228
INTELSAT 902 (IS-902)   
1 26900U 01039A   13027.63739844  .00000000  00000-0  10000-3 0   352
2 26900   0.0062 340.3958 0003121 311.5510 126.6090  1.00271869 41836
EUTELSAT 8 WEST A       
1 26927U 01042A   13025.04320986 -.00000066  00000-0  10000-3 0  7890
2 26927   0.0557   5.7117 0005009 303.0982 183.1494  1.00272454 41544
DIRECTV 4S              
1 26985U 01052A   13024.34692579 -.00000113  00000-0  10000-3 0  9959
2 26985   0.0093  78.3968 0001778 197.6084 231.5029  1.00270135 40941
INSAT-3C                
1 27298U 02002A   13026.82744333 -.00000076  00000-0  10000-3 0  9288
2 27298   0.0597  79.9992 0001982 266.9900 151.1348  1.00272227 40345
ECHOSTAR 7              
1 27378U 02006A   13027.59000162  .00000000  00000-0  10000-3 0  1728
2 27378   0.0186 312.6561 0001430 358.0693 269.8700  1.00273083 40044
INTELSAT 904 (IS-904)   
1 27380U 02007A   13027.65668604  .00000050  00000-0  10000-3 0   656
2 27380   0.0251  41.4014 0003298 261.9236 120.1523  1.00273387 40082
TDRS 9                  
1 27389U 02011A   13026.64470535 -.00000261  00000-0  10000-3 0   691
2 27389   2.0124 119.3331 0013936 255.2122 302.6743  1.00277406 41414
JCSAT-2A                
1 27399U 02015A   13024.67640701 -.00000165  00000-0  10000-3 0  8951
2 27399   0.0085 271.3811 0001767  16.4078 233.8597  1.00272317 39715
ASTRA 3A                
1 27400U 02015B   13027.10442303  .00000138  00000-0  00000+0 0  7169
2 27400   0.6260  77.4113 0004654 213.8792 256.5212  1.00274319 39746
INTELSAT 903 (IS-903)   
1 27403U 02016A   13027.10299753 -.00000238  00000-0  10000-3 0  7776
2 27403   0.0142  48.4855 0003348 251.4535 189.1651  1.00271405 39735
NSS-7                   
1 27414U 02019A   13025.11096568 -.00000154  00000-0  00000+0 0   662
2 27414   0.0174 297.8910 0002726 359.9232 206.7069  1.00273150 39548
DIRECTV 5 (TEMPO 1)     
1 27426U 02023A   13027.56095816 -.00000055  00000-0  10000-3 0   852
2 27426   0.0051  92.4760 0003730 216.8128 269.5103  1.00272496 39300
INTELSAT 905 (IS-905)   
1 27438U 02027A   13025.11085133 -.00000184  00000-0  00000+0 0  6156
2 27438   0.0519 270.8971 0002876 359.2116 229.8643  1.00272122 39031
EXPRESS-A4              
1 27441U 02029A   13027.10351590 -.00000113  00000-0  10000-3 0  1833
2 27441   3.0386  69.2237 0001652 300.2876 140.3244  1.00272581 38958
GALAXY 3C (G-3C)        
1 27445U 02030A   13027.21456950 -.00000150  00000-0  10000-3 0  7250
2 27445   0.0129 144.3482 0000171 277.0340  47.4550  1.00273089 38932
EUTELSAT 5 WEST A       
1 27460U 02035A   13027.72182334  .00000000  00000-0  10000-3 0  8568
2 27460   0.0319 345.3563 0004176 313.8014  82.8705  1.00270486 38606
N-STAR C                
1 27461U 02035B   13026.52347876 -.00000307  00000-0  10000-3 0  5861
2 27461   1.4488  76.6256 0002438 197.6957 176.0818  1.00269952 38725
EUTELSAT HOT BIRD 13A   
1 27499U 02038A   13027.86596341  .00000088  00000-0  00000+0 0  2469
2 27499   0.0805 259.8135 0005482  20.0379 172.1518  1.00272063 38242
ECHOSTAR 8              
1 27501U 02039A   13024.07095804 -.00000242  00000-0  10000-3 0  1559
2 27501   0.0215  59.2754 0002860 251.3441 121.5501  1.00271056 38225
EUTELSAT 12 WEST A      
1 27508U 02040A   13025.11114863 -.00000100  00000-0  10000-3 0  9608
2 27508   0.0661 341.9981 0004249 349.6742 180.3951  1.00272807 38214
METEOSAT-8 (MSG-1)      
1 27509U 02040B   13027.79353757  .00000000  00000-0  10000-3 0  2186
2 27509   1.8334  61.8430 0000981 115.4930 244.7188  1.00264216 38240
INTELSAT 906 (IS-906)   
1 27513U 02041A   13027.62545706  .00000015  00000-0  10000-3 0  8082
2 27513   0.0283  31.5710 0002961 271.9125 112.8608  1.00273323 38115
KODAMA (DRTS)           
1 27516U 02042B   13027.59919587  .00000000  00000-0  10000-3 0   765
2 27516   1.9118  73.3926 0002201 217.5573 142.4768  1.00265911 38084
KALPANA-1 (METSAT 1)    
1 27525U 02043A   13027.63126465  .00000000  00000-0  10000-3 0  6201
2 27525   3.3513  68.1659 0006409 208.3812 151.6734  1.00268701 38043
HISPASAT 1D             
1 27528U 02044A   13027.10311189 -.00000216  00000-0  00000+0 0  7101
2 27528   0.0474 293.0779 0006307  17.3990 183.1772  1.00271746 37965
EUTELSAT 70A            
1 27554U 02051A   13026.91384149  .00000120  00000-0  10000-3 0  7807
2 27554   0.0512 305.3157 0001630 270.7590 295.1176  0.99879747 37356
TDRS 10                 
1 27566U 02055A   13027.44909360  .00000086  00000-0  10000-3 0  7880
2 27566   2.0115  64.7303 0011815 201.1220 208.4262  1.00279166 37246
NSS-6                   
1 27603U 02057A   13027.00132097  .00000000  00000-0  10000-3 0  6246
2 27603   0.0145 274.1714 0002484  24.8888 282.7949  1.00265792 37094
NIMIQ 2                 
1 27632U 02062A   13024.32738944 -.00000173  00000-0  00000+0 0  5953
2 27632   0.0312 203.4581 0003244  68.1426 238.8979  1.00270689 36920
INTELSAT 907 (IS-907)   
1 27683U 03007A   13026.10697188 -.00000202  00000-0  10000-3 0  3788
2 27683   0.0140 350.9226 0003519 315.0613 190.5598  1.00271334 36453
INSAT-3A                
1 27714U 03013A   13027.80608788 -.00000257  00000-0  10000-3 0  5069
2 27714   0.0223  92.0121 0006013 198.4422 220.4454  1.00271105 35944
GALAXY 12 (G-12)        
1 27715U 03013B   13024.16652894  .00000059  00000-0  10000-3 0  6502
2 27715   0.0124  90.6502 0002308 206.9481 116.9714  1.00273434 35951
ASIASAT 4               
1 27718U 03014A   13027.63236250 -.00000359  00000-0  10000-3 0  2347
2 27718   0.0049 356.4035 0000768 205.3155 275.0990  1.00275626 35928
HELLAS-SAT 2            
1 27811U 03020A   13026.82161172  .00000153  00000-0  10000-3 0  5421
2 27811   0.0216 251.7593 0003656  50.4098 158.8390  1.00273336 35465
BEIDOU 1C               
1 27813U 03021A   13027.81146628  .00000000  00000-0  10000-3 0  8179
2 27813   2.0402  76.2558 0000890 286.2490  73.7719  0.99774585960375
AMC-9 (GE-12)           
1 27820U 03024A   13027.34146372 -.00000215  00000-0  00000+0 0  6930
2 27820   0.0316 267.8252 0003346  42.3793 216.4726  1.00271352 35341
THURAYA-2               
1 27825U 03026A   13027.57359535  .00000000  00000-0  10000-3 0  3853
2 27825   3.4102  17.3074 0004579 266.0016  94.2471  1.00272954 35380
BSAT-2C                 
1 27830U 03028A   13027.75996971 -.00000349  00000-0  10000-3 0  6874
2 27830   0.0860 244.8024 0003487  20.7738 245.0250  1.00270079 35315
OPTUS C1                
1 27831U 03028B   13024.63364067 -.00000147  00000-0  10000-3 0  7624
2 27831   0.0380 207.7074 0003330  80.0029 220.4861  1.00271726 35275
ECHOSTAR 12 (RAINBOW 1) 
1 27852U 03033A   13025.38883734 -.00000282  00000-0  10000-3 0  7016
2 27852   0.0135 347.3125 0002189 355.9605 220.2028  1.00271205 34947
GALAXY 23 (G-23)        
1 27854U 03034A   13027.58352625  .00000013  00000-0  10000-3 0  6440
2 27854   0.0206  16.3201 0003116 283.3926 276.3704  1.00273856 34742
EUTELSAT 33A            
1 27948U 03043A   13026.79901928  .00000156  00000-0  10000-3 0  8048
2 27948   0.0438 331.5702 0001484 205.1508 270.2214  1.00273347 34301
INSAT-3E                
1 27951U 03043E   13026.80501965  .00000086  00000-0  10000-3 0  6007
2 27951   0.0614 254.3385 0005399  56.8268 159.9197  1.00266798 34207
GALAXY 13 (HORIZONS-1)  
1 27954U 03044A   13026.60292900  .00000048  00000-0  00000+0 0  5029
2 27954   0.0105  75.6876 0000553 297.8823 202.5011  1.00273060 34216
ZHONGXING-20            
1 28082U 03052A   13027.82243249 -.00000291  00000-0  10000-3 0  8139
2 28082   0.2449  78.3564 0005595 255.9806 187.0668  1.00269254 33767
YAMAL 202               
1 28089U 03053A   13027.58922951  .00000120  00000-0  10000-3 0  6783
2 28089   0.0606 252.3154 0004054  66.1813  69.6468  1.00276648 33684
YAMAL 201               
1 28094U 03053B   13027.64962993 -.00000227  00000-0  10000-3 0  1218
2 28094   0.0307 265.2776 0002706  39.0914 146.4929  1.00270864 35855
AMOS-2                  
1 28132U 03059A   13027.79882140 -.00000033  00000-0  10000-3 0  4485
2 28132   0.0384  78.9592 0003447 216.7239 115.1102  1.00272545 33374
EXPRESS-AM22 (SESAT 2)  
1 28134U 03060A   13027.72772205  .00000098  00000-0  10000-3 0  8071
2 28134   0.0117 148.3132 0001803 214.8876  78.9200  1.00273673 33291
AMC-10 (GE-10)          
1 28154U 04003A   13025.38693922  .00000088  00000-0  10000-3 0  7000
2 28154   0.0381 274.2535 0003152  30.2030 184.6664  1.00273542 32892
MBSAT                   
1 28184U 04007A   13027.44796539 -.00000250  00000-0  10000-3 0  5655
2 28184   0.0083 331.0977 0002107 316.8491 144.2361  1.00270953 32607
EUTELSAT 7A             
1 28187U 04008A   13027.66772903  .00000000  00000-0  10000-3 0  4956
2 28187   0.0655 356.0105 0003475 297.9280  80.5896  1.00272815 32568
DIRECTV 7S              
1 28238U 04016A   13026.13788326  .00000002  00000-0  10000-3 0  6717
2 28238   0.0128 337.6071 0002923 323.0950 115.4402  1.00273043 32058
AMC-11 (GE-11)          
1 28252U 04017A   13024.32225219  .00000069  00000-0  10000-3 0  3743
2 28252   0.0171 355.9096 0002503 290.1735 182.7202  1.00274202 31828
INTELSAT 10-02          
1 28358U 04022A   13027.79889000 -.00000010  00000-0  10000-3 0  4641
2 28358   0.0311 101.0764 0000893 164.8095 147.9755  1.00273503 31615
APSTAR 5 (TELSTAR 18)   
1 28364U 04024A   13027.44781294 -.00000293  00000-0  10000-3 0  5406
2 28364   0.0302 261.8985 0001934  20.6713 143.5099  1.00271614 31596
ANIK F2                 
1 28378U 04027A   13027.54349233 -.00000049  00000-0  10000-3 0  2325
2 28378   0.0302  11.4229 0000385 228.8062 331.3119  1.00272604 31331
AMAZONAS 1              
1 28393U 04031A   13027.35102490 -.00000282  00000-0  10000-3 0   842
2 28393   0.0321 325.2217 0004212 353.8207 233.0725  1.00271095 31104
AMC-15                  
1 28446U 04041A   13026.49870119 -.00000088  00000-0  10000-3 0  6789
2 28446   0.0211 288.2401 0002185   8.7935 263.3706  1.00271851 30367
FENGYUN 2C              
1 28451U 04042A   13027.92623641 -.00000358  00000-0  10000-3 0  6017
2 28451   4.4491  63.8359 0003086  27.0770 133.4410  1.00273425 30292
EXPRESS-AM1             
1 28463U 04043A   13026.87296372  .00000149  00000-0  10000-3 0  4689
2 28463   2.3182  71.2099 0001561 328.6058  80.7578  1.00273467 30192
AMC-16                  
1 28472U 04048A   13025.38827324 -.00000206  00000-0  10000-3 0  6559
2 28472   0.0358 286.3005 0002962   4.5801 248.7240  1.00270915 29779
NSS-10 (AMC-12)         
1 28526U 05003A   13024.32465341 -.00000250  00000-0  10000-3 0  1016
2 28526   0.0206   2.0027 0003233 297.3760 263.8696  1.00271488 29269
XTAR-EUR                
1 28542U 05005A   13025.96863389  .00000152  00000-0  00000+0 0  1364
2 28542   0.0155  36.1639 0002344 250.1780 216.7767  1.00272125 29140
HIMAWARI-6 (MTSAT-1R)   
1 28622U 05006A   13027.61928331 -.00000280  00000-0  10000-3 0  8126
2 28622   0.0334 236.0420 0001748 135.8002 118.1402  1.00271025 28991
XM-3 (RHYTHM)           
1 28626U 05008A   13027.07170497 -.00000205  00000-0  10000-3 0  3159
2 28626   0.0169 252.9843 0000407  57.7339 116.4764  1.00271474 29040
INMARSAT 4-F1           
1 28628U 05009A   13027.44795015 -.00000256  00000-0  10000-3 0  7152
2 28628   2.5710 348.4770 0002905 310.6850 132.4570  1.00270907 28665
EXPRESS-AM2             
1 28629U 05010A   13027.15101277  .00000000  00000-0  10000-3 0  1491
2 28629   0.0190 247.0646 0001323 351.8782  21.9772  1.00267396 28698
APSTAR 6                
1 28638U 05012A   13026.80382984 -.00000317  00000-0  10000-3 0  4754
2 28638   0.0320  73.0062 0002209 236.2253 240.3908  1.00271387 53393
SPACEWAY 1              
1 28644U 05015A   13026.52795926 -.00000102  00000-0  10000-3 0  5457
2 28644   0.0230 232.1201 0000246  43.8931 297.0966  1.00272210 28488
DIRECTV 8               
1 28659U 05019A   13027.43754781 -.00000115  00000-0  10000-3 0  6198
2 28659   0.0172  14.6487 0003579 292.0369 236.8209  1.00272143 28164
GALAXY 28 (G-28)        
1 28702U 05022A   13027.34222881 -.00000184  00000-0  10000-3 0  4084
2 28702   0.0320  71.3761 0002231  94.1608 355.4072  1.00271248 27872
EXPRESS-AM3             
1 28707U 05023A   13025.52736959 -.00000280  00000-0  10000-3 0  9200
2 28707   0.0215 297.4398 0004584  37.7730 119.5355  1.00273678 27826
THAICOM 4               
1 28786U 05028A   13027.48973815  .00000000  00000-0  10000-3 0  1327
2 28786   0.0179  49.7651 0003527 213.1703 159.7730  1.00266714 27385
GALAXY 14 (G-14)        
1 28790U 05030A   13024.60299850  .00000037  00000-0  10000-3 0  4543
2 28790   0.0448 271.9202 0002747  20.2386 284.0006  1.00274489 27259
ANIK F1R                
1 28868U 05036A   13027.50027315 -.00000074  00000-0  10000-3 0  1350
2 28868   0.0128  15.2544 0001090 280.1467 264.3136  1.00273344 27136
GALAXY 15 (G-15)        
1 28884U 05041A   13025.43479407  .00000079  00000-0  10000-3 0  4398
2 28884   0.0469 271.4984 0001546  34.2201 202.6702  1.00272740 26699
SYRACUSE 3A             
1 28885U 05041B   13027.66296080  .00000000  00000-0  10000-3 0  2572
2 28885   0.0303  36.5830 0001241 298.6961  77.5020  1.00273150 26528
INMARSAT 4-F2           
1 28899U 05044A   13027.53857720  .00000000  00000-0  10000-3 0  5539
2 28899   2.2614 345.4079 0002173 314.3472  46.1957  1.00272698 26388
TELKOM 2                
1 28902U 05046A   13024.66197490 -.00000362  00000-0  10000-3 0  2616
2 28902   0.0244 217.8324 0001426  96.3956 166.2057  1.00271392 26360
SPACEWAY 2              
1 28903U 05046B   13026.38399378 -.00000126  00000-0  10000-3 0  4099
2 28903   0.0159 211.0773 0000028 253.2584  60.5955  1.00271480 26460
INSAT-4A                
1 28911U 05049A   13026.65160751  .00000000  00000-0  10000-3 0  5284
2 28911   0.0625  89.8559 0006577 195.5906 158.1990  1.00268649 24634
METEOSAT-9 (MSG-2)      
1 28912U 05049B   13027.10398090  .00000057  00000-0  10000-3 0  3937
2 28912   0.3785   2.9798 0002417 112.3286  53.6826  1.00413176 26088
EUTELSAT 172A (GE-23)   
1 28924U 05052A   13025.42149505 -.00000005  00000-0  10000-3 0  3239
2 28924   0.0412 268.7696 0003057  25.0186 154.8195  1.00273295 25947
ECHOSTAR 10             
1 28935U 06003A   13026.49413400 -.00000055  00000-0  10000-3 0  5602
2 28935   0.0174 321.1828 0000992 343.7402 248.6691  1.00272254 25487
MTSAT-2                 
1 28937U 06004A   13025.44036660 -.00000243  00000-0  10000-3 0  3245
2 28937   0.0343 271.2047 0003825  50.3028 106.9209  1.00270320 25458
SPAINSAT                
1 28945U 06007A   13025.11070650 -.00000216  00000-0  00000+0 0  9801
2 28945   0.0474 241.2639 0005049  32.6119 220.5538  1.00272714 25211
EUTELSAT 9A             
1 28946U 06007B   13027.79912632  .00000063  00000-0  10000-3 0   673
2 28946   0.0342  66.5458 0005145 229.6495 127.6969  1.00273809 25294
JCSAT-5A                
1 29045U 06010A   13027.41995787  .00000000  00000-0  10000-3 0  1121
2 29045   0.0118 359.2056 0003502 219.7895 191.0120  1.00264054 19436
ASTRA 1KR               
1 29055U 06012A   13018.00000000  .00000114  00000-0  00000+0 0  5691
2 29055   0.0970 271.0970 0004581 351.4660 234.2210  1.00275407 24756
GOES 13                 
1 29155U 06018A   13027.35711381 -.00000250  00000-0  10000-3 0  3940
2 29155   0.3455  92.9176 0001466 311.1918 136.6018  1.00273655 24499
SATMEX 6                
1 29162U 06020A   13025.38754906 -.00000037  00000-0  10000-3 0   177
2 29162   0.0409 248.2504 0002036  51.3741 211.7374  1.00272996 24436
THAICOM 5               
1 29163U 06020B   13027.14186638  .00000000  00000-0  10000-3 0  3245
2 29163   0.0052 227.1259 0003738  40.2661 348.7124  1.00267943 24522
GALAXY 16 (G-16)        
1 29236U 06023A   13025.54081382 -.00000126  00000-0  10000-3 0  3791
2 29236   0.0433  54.7572 0002870 243.0596 282.8381  1.00271039 24225
EUTELSAT HOT BIRD 13B   
1 29270U 06032A   13027.65536737  .00000000  00000-0  10000-3 0  9866
2 29270   0.0638 357.3426 0004392 335.8862  42.8055  1.00272457 23223
JCSAT-3A                
1 29272U 06033A   13027.44756900 -.00000344  00000-0  10000-3 0  1473
2 29272   0.0136   1.8063 0002236 291.4834 122.7003  1.00270320 23742
SYRACUSE 3B             
1 29273U 06033B   13025.11132396 -.00000043  00000-0  10000-3 0   726
2 29273   0.0226  78.4959 0003586 221.2463 219.6930  1.00273162 23703
KOREASAT 5 (MUGUNGWHA 5)
1 29349U 06034A   13026.82707525 -.00000357  00000-0  10000-3 0  1664
2 29349   0.0271  71.7082 0001401 218.7671 246.5700  1.00270350 23616
ZHONGXING-22A           
1 29398U 06038A   13027.55982098  .00000000  00000-0  10000-3 0  8710
2 29398   2.7407  69.9310 0001121 271.8591  88.2078  1.00265463 23420
DIRECTV 9S              
1 29494U 06043A   13027.43754942 -.00000113  00000-0  10000-3 0  2771
2 29494   0.0040 153.9003 0003078 137.7199 251.6395  1.00271518 23089
OPTUS D1                
1 29495U 06043B   13027.44838466 -.00000110  00000-0  10000-3 0  1357
2 29495   0.0153  47.3622 0003112 262.0720 138.8547  1.00272729 23124
XM-4 (BLUES)            
1 29520U 06049A   13024.58532096 -.00000022  00000-0  10000-3 0  9860
2 29520   0.0093 298.6682 0000212 271.4953   9.3187  1.00269859 22955
BADR-4                  
1 29526U 06051A   13027.53577925  .00000000  00000-0  10000-3 0  1381
2 29526   0.0457 313.4276 0006009 342.3657  50.0293  1.00270784 22779
FENGYUN 2D              
1 29640U 06053A   13026.97393277 -.00000197  00000-0  10000-3 0  5970
2 29640   1.3000  72.7346 0002614 314.5041 176.4165  1.00262169 22536
WILDBLUE-1              
1 29643U 06054A   13027.54349321 -.00000048  00000-0  10000-3 0  8719
2 29643   0.0058 164.9298 0002131 139.6168 266.8940  1.00272257 22521
AMC-18                  
1 29644U 06054B   13027.37287622 -.00000089  00000-0  10000-3 0  2625
2 29644   0.0464 257.9326 0002972  26.3794 231.7685  1.00272517 22535
MEASAT-3                
1 29648U 06056A   13027.52617553 -.00000241  00000-0  10000-3 0  9456
2 29648   0.0036   5.3810 0001768 319.4646  83.0265  1.00271558 22559
KIKU-8 (ETS-VIII)       
1 29656U 06059A   13027.57838610 -.00000237  00000-0  10000-3 0   920
2 29656   2.4697  71.0777 0005963 250.8402 159.0570  1.00273679 22445
INSAT-4B                
1 30793U 07007A   13027.80608458 -.00000257  00000-0  10000-3 0  2169
2 30793   0.0696 258.1608 0000928 140.7000 112.0651  1.00273245 21560
SKYNET 5A               
1 30794U 07007B   13027.65745221  .00000000  00000-0  10000-3 0  9794
2 30794   0.0680 351.0727 0003433 290.0536  88.6116  1.00271826 21754
ANIK F3                 
1 31102U 07009A   13026.52566490 -.00000001  00000-0  10000-3 0  1147
2 31102   0.0058  76.3568 0002528 227.1074 253.0318  1.00272540 21306
ASTRA 1L                
1 31306U 07016A   13018.00000000  .00000114  00000-0  00000+0 0  5171
2 31306   0.1070 288.7940 0005039   2.6710 205.3160  1.00274445 20965
GALAXY 17 (G-17)        
1 31307U 07016B   13027.46891476 -.00000174  00000-0  00000+0 0   797
2 31307   0.0131  81.5175 0003191 223.2611 259.9192  1.00272572 21050
EUTELSAT 3A             
1 31577U 07021A   13027.79898910  .00000022  00000-0  10000-3 0  6004
2 31577   0.0975 254.5365 0002183  50.4596 113.0706  1.00275151 20764
ZHONGXING-6B            
1 31800U 07031A   13027.59932179 -.00000361  00000-0  10000-3 0  5969
2 31800   0.0068  87.7331 0002670 222.2360 148.3453  1.00275465 20458
DIRECTV 10              
1 31862U 07032A   13027.31254030 -.00000102  00000-0  10000-3 0   756
2 31862   0.0481 243.8082 0000489  26.4201 226.2172  1.00272107 20383
SPACEWAY 3              
1 32018U 07036A   13026.15005002 -.00000151  00000-0  10000-3 0  9852
2 32018   0.0078 244.3339 0000134   5.1663 195.1596  1.00271628 20092
BSAT-3A                 
1 32019U 07036B   13026.85371785  .00000000  00000-0  10000-3 0  8811
2 32019   0.0364 221.6757 0000677  50.3261 271.4741  1.00268553   542
INSAT-4CR               
1 32050U 07037A   13027.61361368  .00000000  00000-0  10000-3 0  1967
2 32050   0.0179  46.9258 0003894 234.7777 140.1732  1.00268796 19832
OPTUS D2                
1 32252U 07044A   13027.44817122 -.00000182  00000-0  10000-3 0   987
2 32252   0.0276 246.0953 0002940  52.7597 141.3665  1.00271978 19517
INTELSAT 11 (IS-11)     
1 32253U 07044B   13024.32452383 -.00000268  00000-0  10000-3 0  7977
2 32253   0.0439 241.3413 0003458  74.4580 241.8061  1.00271777 19474
STAR ONE C1             
1 32293U 07056A   13025.38875348 -.00000276  00000-0  10000-3 0  8904
2 32293   0.0420 242.3869 0002299  70.0180 247.3767  1.00271436 19111
SKYNET 5B               
1 32294U 07056B   13026.74311896  .00000100  00000-0  00000+0 0    24
2 32294   0.0695   0.0662 0004054 300.2654 146.0738  1.00272603 19212
ASTRA 4A (SIRIUS 4)     
1 32299U 07057A   13025.80794282  .00000033  00000-0  10000-3 0  8725
2 32299   0.0402 279.3390 0003002  20.7209 120.8596  1.00273223 19057
RADUGA-1M 1             
1 32373U 07058A   13026.87493981 -.00000038  00000-0  00000+0 0  4704
2 32373   0.0332  82.5383 0001971 200.3829 228.3586  1.00272835 19708
HORIZONS-2              
1 32388U 07063B   13025.82720610 -.00000181  00000-0  10000-3 0  9251
2 32388   0.0174   9.5969 0003396 315.1961 183.0950  1.00270370 18840
THURAYA-3               
1 32404U 08001A   13027.82243943 -.00000296  00000-0  10000-3 0    72
2 32404   4.7502 340.5969 0004978 318.5480 222.8109  1.00271928 18515
EXPRESS-AM33            
1 32478U 08003A   13024.58537959 -.00000280  00000-0  10000-3 0  4031
2 32478   0.0369 237.9002 0001294 199.0239 354.3258  1.00269879 18591
THOR 5                  
1 32487U 08006A   13027.20679323  .00000000  00000-0  10000-3 0  9335
2 32487   0.0204 269.0308 0002171  26.3538 264.9572  1.00270917 17884
KIZUNA (WINDS)          
1 32500U 08007A   13027.44794252 -.00000258  00000-0  10000-3 0  8556
2 32500   0.0941 266.0109 0002751  37.6116 127.5015  1.00271385 18107
AMC-14                  
1 32708U 08011A   13019.87863506  .00000129  00000-0  10000-3 0   567
2 32708  15.9477  90.2470 0054659   2.8861  12.7596  1.00070219 19078
DIRECTV 11              
1 32729U 08013A   13027.34352194 -.00000125  00000-0  10000-3 0   285
2 32729   0.0204 176.4443 0000395 152.5670 182.2000  1.00271699 17919
ICO G1                  
1 32763U 08016A   13027.34179495 -.00000165  00000-0  10000-3 0  9718
2 32763   4.5364 339.4804 0003575 312.3572 225.1358  1.00272021 17570
VINASAT-1               
1 32767U 08018A   13026.88453551  .00000000  00000-0  10000-3 0  8974
2 32767   0.0146 281.4297 0000501 103.7765 191.4355  1.00265303 14920
STAR ONE C2             
1 32768U 08018B   13025.38863152 -.00000265  00000-0  10000-3 0  8706
2 32768   0.0536  73.8694 0002617 247.2494 233.6296  1.00271239 17607
TIANLIAN I (CTDRS-1)    
1 32779U 08019A   13026.72932541 -.00000105  00000-0  10000-3 0  3806
2 32779   0.0541 265.0302 0005216 302.8902 257.7823  1.00270869 17449
AMOS-3                  
1 32794U 08022A   13026.87359124  .00000000  00000-0  10000-3 0  7248
2 32794   0.0204  86.2085 0001072 152.1666 198.3894  1.00269661 17426
GALAXY 18 (G-18)        
1 32951U 08024A   13024.78848868  .00000025  00000-0  10000-3 0  7440
2 32951   0.0324 172.2819 0002980 127.4909 345.3301  1.00273735 17164
CHINASAT 9 (ZX 9)       
1 33051U 08028A   13027.58841399 -.00000247  00000-0  10000-3 0  3543
2 33051   0.0096  44.8333 0004774 265.0900 121.1116  1.00271551 17012
SKYNET 5C               
1 33055U 08030A   13026.65523826 -.00000139  00000-0  10000-3 0  7093
2 33055   0.0637 344.1016 0003021 299.4682  60.5785  1.00272725 16991
TURKSAT 3A              
1 33056U 08030B   13026.77027104  .00000000  00000-0  10000-3 0  7765
2 33056   0.0376  96.6465 0002649 199.4998 149.3672  1.00273011 16207
COSMOS 2440             
1 33108U 08033A   13025.61329661 -.00000038  00000-0  10000-3 0   979
2 33108   1.7127  55.5130 0002262 351.0946   9.0272  1.00270753 16770
INTELSAT 25 (IS-25)     
1 33153U 08034A   13025.11066838 -.00000223  00000-0  10000-3 0  7927
2 33153   0.0257 125.9922 0001628 179.0766 187.8233  1.00273880 16709
BADR-6                  
1 33154U 08034B   13027.67700483  .00000000  00000-0  10000-3 0  8352
2 33154   0.0727  25.4636 0003050 312.0622  59.3652  1.00273919 16755
ECHOSTAR 11             
1 33207U 08035A   13026.49446193 -.00000056  00000-0  10000-3 0    02
2 33207   0.0524 262.8112 0003148  54.4037 236.7204  1.00271931 16622
SUPERBIRD-C2            
1 33274U 08038A   13026.47842801  .00000000  00000-0  10000-3 0  9853
2 33274   0.0074 142.9078 0001683 190.6137 108.5181  1.00265325 16351
AMC-21                  
1 33275U 08038B   13024.60299909  .00000036  00000-0  10000-3 0  9109
2 33275   0.0499 277.8601 0002316  31.9668 266.4212  1.00273274 16422
INMARSAT 4-F3           
1 33278U 08039A   13024.14131934 -.00000136  00000-0  10000-3 0   298
2 33278   3.0082 345.4112 0003064 306.6808 144.7452  1.00271916 16283
NIMIQ 4                 
1 33373U 08044A   13027.31373542 -.00000220  00000-0  10000-3 0  7072
2 33373   0.0115  65.7050 0002542 247.3935 204.5704  1.00271825 15999
GALAXY 19 (G-19)        
1 33376U 08045A   13027.47200722 -.00000138  00000-0  10000-3 0  8206
2 33376   0.0274 180.7745 0002862 130.0763 248.8931  1.00272031 15947
VENESAT-1               
1 33414U 08055A   13027.21399997 -.00000237  00000-0  10000-3 0  1893
2 33414   0.0387 242.3171 0001334  63.0851 180.2478  1.00269798 15647
ASTRA 1M                
1 33436U 08057A   13027.41029137  .00000000  00000-0  10000-3 0  1041
2 33436   0.0859 282.6137 0006801 359.2046  11.8929  1.00269160 15490
CIEL-2                  
1 33453U 08063A   13024.16652700  .00000058  00000-0  10000-3 0  7728
2 33453   0.0110  14.4009 0003217 294.0631 106.2628  1.00273367 15121
EUTELSAT HOT BIRD 13C   
1 33459U 08065A   13023.81416575  .00000088  00000-0  10000-3 0  7571
2 33459   0.0497  48.2355 0001720 289.1867  91.9847  1.00276404 15192
EUTELSAT 28B            
1 33460U 08065B   13025.76048781  .00000151  00000-0  00000+0 0  6507
2 33460   0.0913 256.4044 0005309  46.0679 124.9872  1.00274475 15071
FENGYUN 2E              
1 33463U 08066A   13026.90813528 -.00000327  00000-0  10000-3 0  1132
2 33463   1.0156  41.1984 0001246  33.1258 123.0837  1.00261521 15071
EXPRESS-AM44            
1 33595U 09007A   13027.10359213 -.00000088  00000-0  10000-3 0   844
2 33595   0.0112 260.6360 0001147 118.1961 133.9754  1.00271878 14544
EXPRESS-MD1             
1 33596U 09007B   13027.72843860 -.00000136  00000-0  10000-3 0  1305
2 33596   0.0324 249.6764 0002754  34.7258 185.0801  1.00271895 14586
NSS-9                   
1 33749U 09008A   13027.57848227  .00000072  00000-0  10000-3 0  7989
2 33749   0.0196   0.0884 0002323 294.8098 223.3286  1.00273605 14548
EUTELSAT 3C             
1 33750U 09008B   13025.17819552  .00000021  00000-0  10000-3 0  8923
2 33750   0.0670 359.0120 0003239 275.6287 277.2516  1.00274105 14552
TELSTAR 11N             
1 34111U 09009A   13027.31416399 -.00000250  00000-0  10000-3 0  7278
2 34111   0.0212  40.6421 0002517 254.0245 267.6064  1.00270923 14393
RADUGA-1 8              
1 34264U 09010A   13026.87182468  .00000000  00000-0  10000-3 0  1047
2 34264   2.4687  92.6739 0002287 201.6237 158.1919  1.00281860 14313
EUTELSAT 10A            
1 34710U 09016A   13027.66725872  .00000000  00000-0  10000-3 0  7854
2 34710   0.0639 358.9829 0004476 296.7349  81.6269  1.00272974 14054
BEIDOU G2               
1 34779U 09018A   13025.76118972  .00000153  00000-0  10000-3 0  8330
2 34779   2.2620  69.7329 0057443 169.6515 190.4504  1.00324001 14050
SICRAL 1B               
1 34810U 09020A   13027.86596431  .00000081  00000-0  10000-3 0  7285
2 34810   0.1528  84.8968 0002565 261.3129 104.6653  1.00274072 13911
SES-7 (PROTOSTAR 2)     
1 34941U 09027A   13026.98211221 -.00000344  00000-0  10000-3 0  7968
2 34941   0.0270  38.1878 0003032 248.3121 301.6185  1.00270938 13600
MEASAT-3A               
1 35362U 09032A   13027.05078509  .00000000  00000-0  10000-3 0  4999
2 35362   0.0109 268.5410 0002969  15.9195 311.7749  1.00266931 12961
GOES 14                 
1 35491U 09033A   13027.50068297 -.00000095  00000-0  10000-3 0  8096
2 35491   0.0697 255.5979 0001208 116.5280 193.1564  1.00185588 13168
SIRIUS FM-5             
1 35493U 09034A   13025.38799881 -.00000145  00000-0  10000-3 0  6008
2 35493   0.0074  42.0378 0001578 313.9827 172.4918  1.00272294 13121
TERRESTAR-1             
1 35496U 09035A   13027.34745490 -.00000051  00000-0  10000-3 0  7903
2 35496   4.3632 325.1713 0003179 329.3493 206.3258  1.00272784 13159
ASIASAT 5               
1 35696U 09042A   13026.86054979 -.00000306  00000-0  10000-3 0  9673
2 35696   0.0276 270.3666 0001772 350.5170 275.6755  1.00270087 12683
JCSAT-RA (JCSAT-12)     
1 35755U 09044A   13024.74758406 -.00000345  00000-0  10000-3 0  6234
2 35755   0.0570  44.2065 0001478 215.3806 261.6679  1.00270391 12615
OPTUS D3                
1 35756U 09044B   13024.63364049 -.00000147  00000-0  10000-3 0  6633
2 35756   0.0396 341.1808 0004452 330.8494 196.1979  1.00272616 12591
PALAPA D                
1 35812U 09046A   13027.57087738  .00000000  00000-0  10000-3 0  6593
2 35812   0.0322  95.1775 0001857 222.8995 127.3270  1.00263647 11384
NIMIQ 5                 
1 35873U 09050A   13027.10200655 -.00000256  00000-0  10000-3 0  6582
2 35873   0.0076  77.4959 0003168 219.6647 153.3791  1.00270844 12340
AMAZONAS 2              
1 35942U 09054A   13026.38493140 -.00000282  00000-0  10000-3 0  6023
2 35942   0.0354 172.1408 0001645 102.4029 288.8675  1.00271579 12182
COMSATBW-1              
1 35943U 09054B   13024.75328240  .00000025  00000-0  10000-3 0  6227
2 35943   0.0434 119.3409 0002566 175.5045 163.5253  1.00272591 12218
NSS-12                  
1 36032U 09058A   13027.59146037  .00000000  00000-0  10000-3 0  6052
2 36032   0.0143 305.6500 0002060   4.3608  86.9831  1.00273046 11934
THOR 6                  
1 36033U 09058B   13026.84270953  .00000000  00000-0  10000-3 0  6763
2 36033   0.0117  68.8811 0001667 217.7287 142.2051  1.00270892 11941
INTELSAT 14 (IS-14)     
1 36097U 09064A   13025.11032535 -.00000273  00000-0  10000-3 0  4874
2 36097   0.0165  36.3702 0002417 251.8797 191.0147  1.00270390 11662
EUTELSAT 36B            
1 36101U 09065A   13026.86609772  .00000156  00000-0  10000-3 0  6788
2 36101   0.0658 358.5778 0004021 308.9789 166.4255  1.00273225 11784
INTELSAT 15 (IS-15)     
1 36106U 09067A   13027.52243115  .00000000  00000-0  10000-3 0  6995
2 36106   0.0287  13.0490 0002878 297.4657  89.5704  1.00265425 11580
DIRECTV 12              
1 36131U 09075A   13026.52796023 -.00000103  00000-0  10000-3 0  8461
2 36131   0.0069 297.5009 0000228  39.4889 236.2651  1.00272199 11352
BEIDOU G1               
1 36287U 10001A   13027.62336124 -.00000280  00000-0  10000-3 0  8644
2 36287   1.5967 357.4254 0004701 229.0365 265.0659  1.00270336 11169
RADUGA-1M 2             
1 36358U 10002A   13027.57648601  .00000000  00000-0  10000-3 0  8755
2 36358   0.0308  49.0556 0002775 230.5689 139.8268  1.00266026 10642
SDO                     
1 36395U 10005A   13027.37332347 -.00000054  00000-0  10000-3 0  6628
2 36395  27.8303 169.8652 0000844 249.9337  99.5975  1.00270507 11032
INTELSAT 16 (IS-16)     
1 36397U 10006A   13026.62015976 -.00000284  00000-0  10000-3 0  5976
2 36397   0.0165 343.6908 0002927 314.0548 353.4450  1.00269740 10813
GOES 15                 
1 36411U 10008A   13027.49761122  .00000085  00000-0  10000-3 0  4160
2 36411   0.1081 253.1097 0003027  47.9380 230.5201  1.00286861 10665
ECHOSTAR 14             
1 36499U 10010A   13027.59000066  .00000001  00000-0  10000-3 0  7603
2 36499   0.0040  27.9702 0002695 267.4308 285.1012  1.00272449 10511
SES-1                   
1 36516U 10016A   13027.43754933 -.00000114  00000-0  10000-3 0  6527
2 36516   0.0142 319.2638 0002629 333.4276 250.6866  1.00272615 10119
ASTRA 3B                
1 36581U 10021A   13027.83590454  .00000138  00000-0  00000+0 0  5300
2 36581   0.0596  52.5535 0002226 282.3204 116.7610  1.00273287  9969
COMSATBW-2              
1 36582U 10021B   13026.89392248  .00000089  00000-0  10000-3 0  5970
2 36582   0.0749  85.5933 0001845 210.6323 165.1146  1.00271586  9962
BEIDOU G3               
1 36590U 10024A   13026.76163566 -.00000354  00000-0  10000-3 0  7065
2 36590   1.3009  16.9027 0004410 304.9888 189.0778  1.00275366  9753
BADR-5                  
1 36592U 10025A   13027.72950743  .00000000  00000-0  10000-3 0  4419
2 36592   0.0319  42.4767 0000798 232.1818 141.1817  1.00275054  9184
COMS 1                  
1 36744U 10032A   13027.44757663 -.00000344  00000-0  10000-3 0  5144
2 36744   0.0284  64.0235 0000937 214.7181 137.4282  1.00268971  9632
ARABSAT-5A              
1 36745U 10032B   13027.61213564  .00000000  00000-0  10000-3 0  4711
2 36745   0.0528 355.6779 0002526 299.7103  82.5267  1.00273375  9669
ECHOSTAR 15             
1 36792U 10034A   13026.38491616 -.00000281  00000-0  10000-3 0  5661
2 36792   0.0461 272.4619 0002531  47.0977 243.1778  1.00270291  9368
BEIDOU IGSO 1           
1 36828U 10036A   13027.87353347 -.00000089  00000-0  10000-3 0  6517
2 36828  54.6112 209.4232 0029496 177.8874 174.7055  1.00267539  9193
NILESAT 201             
1 36830U 10037A   13027.10369123 -.00000058  00000-0  10000-3 0  4846
2 36830   0.0545 282.7458 0006340  25.8023 208.2758  1.00269320  9267
RASCOM-QAF 1R           
1 36831U 10037B   13027.79553309  .00000000  00000-0  10000-3 0  4647
2 36831   0.0410  46.4573 0003863 252.0849 117.9933  1.00271886  9271
CHINASAT 6A (ZX 6A)     
1 37150U 10042A   13026.94567110  .00000000  00000-0  10000-3 0  6764
2 37150   0.0413 242.1312 0002570 215.7147 133.9316  1.00265848  6480
XM-5                    
1 37185U 10053A   13025.38826561 -.00000204  00000-0  10000-3 0  5697
2 37185   0.0183  62.2345 0001565  76.4519  40.6297  1.00270757  8419
BSAT-3B                 
1 37207U 10056B   13027.73442046 -.00000034  00000-0  00000+0 0  5357
2 37207   0.7113  75.8875 0000614 290.4266 116.7318  0.99172009  8274
BEIDOU G4               
1 37210U 10057A   13027.44838466 -.00000111  00000-0  10000-3 0  5996
2 37210   0.5171 355.3143 0003907 231.5546 221.3462  1.00271536  8281
SKYTERRA 1              
1 37218U 10061A   13027.21522728 -.00000113  00000-0  10000-3 0  5896
2 37218   5.1116 321.6241 0003114 197.8623 303.3168  1.00271697  8208
ZHONGXING-20A           
1 37234U 10064A   13024.62692984 -.00000337  00000-0  10000-3 0  5923
2 37234   0.0669  93.3860 0003980 247.7230 138.6723  1.00268010  8002
HYLAS 1                 
1 37237U 10065A   13026.10681942 -.00000234  00000-0  10000-3 0  4783
2 37237   0.0472  34.8340 0001467 296.4957 159.1093  1.00268531  7976
INTELSAT 17 (IS-17)     
1 37238U 10065B   13027.79493411 -.00000001  00000-0  10000-3 0  3907
2 37238   0.0108  81.7714 0003125 223.8281 173.7835  1.00273375  8010
BEIDOU IGSO 2           
1 37256U 10068A   13027.48728020 -.00000241  00000-0  10000-3 0  5530
2 37256  54.7696 329.7037 0021756 193.5405 259.1200  1.00286677  7789
EUTELSAT KA-SAT 9A      
1 37258U 10069A   13027.51636058  .00000000  00000-0  10000-3 0  5011
2 37258   0.0330 277.4781 0001211 168.3780 236.0096  1.00273324  6764
HISPASAT 1E             
1 37264U 10070A   13026.10690328 -.00000216  00000-0  00000+0 0  4726
2 37264   0.0393 110.1810 0002395 189.8824 193.9688  1.00272495  7630
KOREASAT 6              
1 37265U 10070B   13027.90650330 -.00000361  00000-0  10000-3 0  4169
2 37265   0.0479 264.4957 0002105  71.2144 233.9670  1.00273184  7675
ELEKTRO-L 1 (GOMS 2)    
1 37344U 11001A   13026.72932639 -.00000096  00000-0  10000-3 0  5285
2 37344   0.0671 296.3747 0001309 305.1587 223.1856  1.00271734  7455
BEIDOU IGSO 3           
1 37384U 11013A   13026.73873324 -.00000157  00000-0  10000-3 0  4678
2 37384  55.9685  89.7536 0022969 190.2542 231.6080  1.00292941  6659
INTELSAT NEW DAWN       
1 37392U 11016A   13027.76118479  .00000000  00000-0  10000-3 0  3784
2 37392   0.0359  74.5445 0000271 249.5970 110.0034  1.00275494  4755
YAHSAT 1A               
1 37393U 11016B   13027.72770679  .00000102  00000-0  10000-3 0  4893
2 37393   0.0145  59.2264 0002180 257.4502 124.9210  1.00273071  6568
TELSTAR 14R             
1 37602U 11021A   13027.10225811 -.00000279  00000-0  10000-3 0  3364
2 37602   0.0223 312.5819 0002756 344.4240 163.3301  1.00270920  6865
GSAT-8                  
1 37605U 11022A   13027.72777541  .00000085  00000-0  10000-3 0  3845
2 37605   0.0685  87.0094 0006422 182.4606 174.7646  1.00273872  6237
ST-2                    
1 37606U 11022B   13027.55073795  .00000000  00000-0  10000-3 0  3855
2 37606   0.0425  42.1315 0001909 297.1900  73.8159  1.00264005  6241
CHINASAT 10 (ZX 10)     
1 37677U 11026A   13026.95734684  .00000000  00000-0  10000-3 0  4504
2 37677   0.0160 267.7912 0003702 276.8002  36.8733  1.00262826  5226
TIANLIAN 1-02           
1 37737U 11032A   13026.52461859  .00000031  00000-0  10000-3 0  4304
2 37737   0.0107 130.3950 0003827 198.1882 163.0201  1.00269530  5694
GSAT-12                 
1 37746U 11034A   13027.00260981  .00000000  00000-0  10000-3 0  3487
2 37746   0.0312 240.4143 0001773 183.1798 146.7254  1.00267865  5940
SES-3                   
1 37748U 11035A   13025.67676230 -.00000100  00000-0  10000-3 0  3908
2 37748   0.0315 281.7745 0001822  14.1857 329.6583  1.00271278  5653
KAZSAT-2                
1 37749U 11035B   13027.16519352  .00000000  00000-0  10000-3 0  3117
2 37749   0.0121 221.9598 0001028   2.7540  47.8293  1.00267106  5743
BEIDOU IGSO 4           
1 37763U 11038A   13027.87532245 -.00000030  00000-0  10000-3 0  3204
2 37763  54.9300 211.5471 0020467 170.5221 155.9067  1.00266494  5625
ASTRA 1N                
1 37775U 11041A   13027.39536034  .00000150  00000-0  00000+0 0  2990
2 37775   0.0647  44.8006 0002369 309.9028 302.6176  1.00273338  5446
BSAT-3C (JCSAT-110R)    
1 37776U 11041B   13026.91842485  .00000000  00000-0  10000-3 0  3583
2 37776   0.0188 268.9069 0000406 130.0199 168.0106  1.00266647   703
PAKSAT-1R               
1 37779U 11042A   13023.82922737  .00000154  00000-0  10000-3 0  2706
2 37779   0.0286 136.6510 0001955 142.0885 181.0831  1.00275293  5412
CHINASAT 1A (ZX 1A)     
1 37804U 11047A   13027.49152184 -.00000337  00000-0  10000-3 0  3691
2 37804   0.0514 111.3832 0003870 287.3007  35.0269  1.00270671  5080
COSMOS 2473             
1 37806U 11048A   13027.64876979 -.00000134  00000-0  10000-3 0  3602
2 37806   0.0530 107.0685 0000948 304.2302  29.2531  1.00271662  5053
SES-2                   
1 37809U 11049A   13024.48663983  .00000000  00000-0  10000-3 0  2558
2 37809   0.0117 273.0522 0002683  45.2779 253.7187  1.00264939  4979
ARABSAT-5C              
1 37810U 11049B   13023.81617755  .00000124  00000-0  10000-3 0  2290
2 37810   0.0646 346.7666 0002080 248.5118 201.8809  1.00277033  5000
EUTELSAT 7 WEST A       
1 37816U 11051A   13027.79873755 -.00000059  00000-0  10000-3 0  3619
2 37816   0.0784 317.8489 0004493 247.7103 201.9050  1.00272428  4951
QUETZSAT 1              
1 37826U 11054A   13024.07096032 -.00000241  00000-0  10000-3 0  3305
2 37826   0.0474 274.8449 0002686  20.0417 137.1345  1.00271621  5040
INTELSAT 18 (IS-18)     
1 37834U 11056A   13027.68375477  .00000054  00000-0  10000-3 0  2679
2 37834   0.0118 318.0143 0001772   8.6308 226.6172  1.00273457  4941
EUTELSAT 16A            
1 37836U 11057A   13024.82592625  .00000105  00000-0  10000-3 0  2689
2 37836   0.0654 355.9839 0004447 301.4717 140.1771  1.00274823  4785
VIASAT-1                
1 37843U 11059A   13024.58532130 -.00000023  00000-0  10000-3 0  2362
2 37843   0.0049  37.0778 0002631 265.4488 277.1249  1.00272098  5221
ASIASAT 7               
1 37933U 11069A   13027.12924741  .00000000  00000-0  10000-3 0  3106
2 37933   0.0431 262.7846 0000897   6.8170   9.0853  1.00268596   648
BEIDOU IGSO 5           
1 37948U 11073A   13027.59640913 -.00000178  00000-0  10000-3 0  2975
2 37948  54.8836 329.1177 0020166 188.5731 277.6122  1.00292904  4384
AMOS-5                  
1 37950U 11074A   13027.86645587  .00000110  00000-0  10000-3 0  1795
2 37950   0.0269 178.6998 0000763  19.5774 257.9243  1.00273412  4321
LUCH 5A                 
1 37951U 11074B   13026.48663345 -.00000043  00000-0  00000+0 0  2685
2 37951   4.0048 261.5975 0004414 357.9144 208.6785  1.00274328  4157
NIGCOMSAT 1R            
1 38014U 11077A   13024.85025388  .00000145  00000-0  10000-3 0  2088
2 38014   0.0276 233.8635 0000166 213.0357  25.9768  1.00272896  4115
FENGYUN 2F              
1 38049U 12002A   13027.52668627 -.00000355  00000-0  10000-3 0  2805
2 38049   1.5753 277.6063 0005176 240.5356 270.4129  1.00278535  3876
SES-4                   
1 38087U 12007A   13024.11329186 -.00000168  00000-0  10000-3 0  1955
2 38087   0.0250 284.8863 0002464  11.1786 206.2920  1.00272006  3512
BEIDOU G5               
1 38091U 12008A   13027.58966226  .00000060  00000-0  00000+0 0  2582
2 38091   1.3291 311.2124 0001469 311.2266 135.5116  1.00270944  3466
INTELSAT 22 (IS-22)     
1 38098U 12011A   13027.58669831  .00000000  00000-0  10000-3 0  1640
2 38098   0.0365  35.5547 0002633 247.6978 127.0563  1.00269630  3183
COSMOS 2479             
1 38101U 12012A   13026.51015868 -.00000050  00000-0  10000-3 0  2314
2 38101   1.6655 287.8820 0002862  90.2832  97.9082  1.00278622  3034
APSTAR 7                
1 38107U 12013A   13027.72834713 -.00000101  00000-0  10000-3 0  2051
2 38107   0.0435  79.6442 0002821 229.8178 156.4058  1.00272603  3154
YAHSAT 1B               
1 38245U 12016A   13027.65700951  .00000000  00000-0  10000-3 0  1758
2 38245   0.0271  31.6687 0001580 286.3822  93.1726  1.00272475957478
JCSAT-13                
1 38331U 12023A   13027.44355102  .00000000  00000-0  10000-3 0  1551
2 38331   0.0138  10.1073 0001518 215.0503 185.3449  1.00265724  1894
VINASAT-2               
1 38332U 12023B   13024.63781488 -.00000329  00000-0  10000-3 0  1511
2 38332   0.0289 249.7242 0002016  51.1267 184.6886  1.00270692  2584
NIMIQ 6                 
1 38342U 12026A   13027.46890891 -.00000173  00000-0  00000+0 0  1677
2 38342   0.0173 156.6731 0006327 209.8564 198.0321  1.00272454  2577
CHINASAT 2A (ZX 2A)     
1 38352U 12028A   13027.82243877 -.00000292  00000-0  10000-3 0  1831
2 38352   0.0493 107.9131 0003137 240.0717 173.6072  1.00273391  2628
INTELSAT 19 (IS-19)     
1 38356U 12030A   13027.54015558 -.00000056  00000-0  10000-3 0  1614
2 38356   0.0172 355.8249 0002354 318.1408 173.4390  1.00272499  2522
ECHOSTAR 17             
1 38551U 12035A   13027.50027113 -.00000075  00000-0  10000-3 0  1387
2 38551   0.0091  64.4630 0001402 156.1883 339.2384  1.00272498  2104
MSG-3 (METEOSAT-10)     
1 38552U 12035B   13022.32681843  .00000025  00000-0  10000-3 0  1934
2 38552   1.4061 250.0341 0000616 162.1349 187.5133  1.00411652  2157
SES-5                   
1 38652U 12036A   13027.41460501  .00000000  00000-0  10000-3 0  1480
2 38652   0.0476 266.3160 0001611  51.6143 323.1727  1.00271595  2058
TIANLIAN 1-03           
1 38730U 12040A   13027.86645412  .00000110  00000-0  10000-3 0  1322
2 38730   1.6855 272.3970 0003612  17.3011 166.3179  1.00276120  1972
INTELSAT 20 (IS-20)     
1 38740U 12043A   13027.66348212  .00000000  00000-0  10000-3 0  1375
2 38740   0.0411  75.2888 0002181 246.0385 113.1148  1.00269551  1669
HYLAS 2                 
1 38741U 12043B   13027.27053456  .00000000  00000-0  10000-3 0   959
2 38741   0.0062 238.4728 0001382  63.6072 312.9991  1.00271282    80
INTELSAT 21 (IS-21)     
1 38749U 12045A   13025.38891356 -.00000285  00000-0  10000-3 0  1124
2 38749   0.0173  25.9373 0000800 284.1977 256.7063  1.00270883  1659
ASTRA 2F                
1 38778U 12051A   13027.71870840  .00000000  00000-0  10000-3 0   614
2 38778   0.0085 343.5733 0002251 310.1566 120.4236  1.00275179   312
GSAT-10                 
1 38779U 12051B   13027.10892041  .00000000  00000-0  10000-3 0   817
2 38779   0.0006 332.3790 0000470 119.6079 156.7145  1.00266909  1321
INTELSAT 23 (IS-23)     
1 38867U 12057A   13027.10251729 -.00000284  00000-0  10000-3 0   650
2 38867   0.0221 335.8805 0002593  53.3870  81.1477  1.00270901  1094
BEIDOU G6               
1 38953U 12059A   13027.93085334 -.00000138  00000-0  00000+0 0   659
2 38953   1.6522 276.4315 0002081 355.6002 270.7364  1.00271589  1043
LUCH 5B                 
1 38977U 12061A   13026.10726155 -.00000125  00000-0  00000+0 0   701
2 38977   0.2905 128.1280 0004963 242.7492 137.3840  1.00273445  1144
YAMAL 300K              
1 38978U 12061B   13027.14185285  .00000000  00000-0  10000-3 0   492
2 38978   0.0089 211.9864 0000602  15.6906  40.0115  1.00266788   863
STAR ONE C3             
1 38991U 12062A   13026.15293350 -.00000249  00000-0  10000-3 0   756
2 38991   0.0607  94.0799 0002738 211.0880 160.4729  1.00273118   825
EUTELSAT 21B            
1 38992U 12062B   13027.67362851  .00000000  00000-0  10000-3 0   640
2 38992   0.0313 359.8428 0002442 303.0177  88.3518  1.00272376   564
ECHOSTAR 16             
1 39008U 12065A   13026.38491616 -.00000281  00000-0  10000-3 0   621
2 39008   0.0094  64.7682 0002545 247.2562 250.8749  1.00270505   771
CHINASAT 12 (ZX 12)     
1 39017U 12067A   13027.58836115  .00000108  00000-0  00000+0 0   467
2 39017   0.0379 223.6820 0003434  78.5989  87.9956  1.00273657   694
EUTELSAT 70B            
1 39020U 12069A   13026.92338458 -.00000043  00000-0  00000+0 0   589
2 39020   0.0437 113.7006 0003268 204.2177 211.3372  1.00272625   587
YAMAL 402               
1 39022U 12070A   13027.48799836  .00000000  00000-0  10000-3 0   471
2 39022   0.0242 278.9016 0001173  27.2739  51.3108  1.00268588   580
SKYNET 5D               
1 39034U 12075A   13027.24881803  .00000000  00000-0  10000-3 0   323
2 39034   0.1638 242.2384 0003568  94.7593 263.8173  1.00275500   520
MEXSAT 3                
1 39035U 12075B   13027.53787662 -.00000025  00000-0  10000-3 0   344
2 39035   0.0219 149.0334 0001811 197.2942 219.4846  1.00272575   455
