STARLETTE               
1 07646U 75010A   13027.30683108 -.00000130  00000-0  12127-4 0  1497
2 07646  49.8254 320.7572 0205935 113.3883 248.8807 13.82282865918284
LAGEOS 1                
1 08820U 76039A   13027.14094561  .00000003  00000-0  10000-3 0  4101
2 08820 109.8594 304.5718 0044851 269.3940  90.1564  6.38665010601332
AJISAI (EGS)            
1 16908U 86061A   13026.85984181 -.00000083  00000-0  10000-3 0   369
2 16908  50.0100  61.3945 0011169 336.4829  23.5495 12.44471827871928
LAGEOS 2                
1 22195U 92070B   13027.63298996 -.00000009  00000-0  10000-3 0  6397
2 22195  52.6493 116.3123 0137157 209.9247 149.3414  6.47294195479153
STELLA                  
1 22824U 93061B   13026.85358533  .00000605  00000-0  26513-3 0  3860
2 22824  98.6260 327.8314 0007410  44.2570 315.9332 14.27316691  7433
WESTPAC                 
1 25398U 98043E   13027.06101328 -.00000016  00000-0  11090-4 0  6131
2 25398  98.4010 359.6224 0001182   6.5129 353.6059 14.22726567755681
GRACE-1                 
1 27391U 02012A   13027.11361913  .00003214  00000-0  75174-4 0  3009
2 27391  89.0205 185.6310 0014026   9.1605 350.9873 15.41690144607986
GRACE-2                 
1 27392U 02012B   13027.43781261  .00003765  00000-0  88184-4 0  3025
2 27392  89.0173 185.6144 0014843   8.0483 352.1066 15.41692607608036
GOCE                    
1 34602U 09013A   13027.85697470  .00000779  19115-5  13450-5 0  3949
2 34602  96.5804  56.1830 0006175  18.0338 342.1182 16.11516887226605
LARES                   
1 38077U 12006A   13027.90900803 -.00000022  00000-0  10000-3 0  9502
2 38077  69.4903   1.8758 0009596 323.4419  36.5952 12.54929859 43867
