COSMOS 2413 (712)       
1 28509U 04053B   13027.21042742  .00000082  00000-0  10000-3 0  2482
2 28509  63.2594 234.2539 0005340 136.0053 348.7018  2.13100595 62941
COSMOS 2419 (714)       
1 28915U 05050A   13027.47337104  .00000015  00000-0  00000+0 0    50
2 28915  64.9337 119.8669 0015660 348.1375 321.0955  2.13104313 55191
COSMOS 2425 (716)       
1 29670U 06062A   13026.66581135 -.00000047  00000-0  10000-3 0  7089
2 29670  65.8914 358.6056 0022971 341.0175 143.1879  2.13105167 47385
COSMOS 2426 (717)       
1 29671U 06062B   13027.63080248 -.00000043  00000-0  10000-3 0  7285
2 29671  65.9078 358.6283 0016308 174.6928 199.6805  2.13103150 47412
COSMOS 2424 (715)       
1 29672U 06062C   13027.40598878 -.00000044  00000-0  10000-3 0  7296
2 29672  65.8927 358.5870 0015855 174.1493 207.5519  2.13102975 47408
COSMOS 2433 (720)       
1 32275U 07052A   13027.30863513  .00000013  00000-0  10000-3 0  4561
2 32275  64.9468 119.6195 0002375 240.4897 211.0083  2.13096520 40918
COSMOS 2432 (719)       
1 32276U 07052B   13026.82655179  .00000008  00000-0  10000-3 0  4390
2 32276  64.9593 119.6811 0012043 339.3705  56.7645  2.13098026 40902
COSMOS 2434 (721)       
1 32393U 07065A   13027.48870344 -.00000045  00000-0  00000+0 0  2946
2 32393  65.5158 358.4845 0001832 136.6408 351.5984  2.13102767 39625
COSMOS 2435 (722)       
1 32394U 07065B   13027.04358793 -.00000046  00000-0  10000-3 0  2034
2 32394  65.5197 358.4943 0020340 352.9465 110.0008  2.13103820 39557
COSMOS 2436 (723)       
1 32395U 07065C   13027.83478700 -.00000043  00000-0  10000-3 0  2085
2 32395  65.5287 358.4956 0017857 346.1006 139.3500  2.13102982 39567
COSMOS 2442 (724)       
1 33378U 08046A   13026.85470700  .00000008  00000-0  10000-3 0  2372
2 33378  64.8616 119.1265 0023287 332.7819 179.6951  2.13103691 33760
COSMOS 2443 (725)       
1 33379U 08046B   13027.82161175  .00000018  00000-0  10000-3 0  2230
2 33379  64.8707 119.1427 0020592 183.8820 215.0610  2.13101688 33799
COSMOS 2444 (726)       
1 33380U 08046C   13027.46362541  .00000015  00000-0  10000-3 0  2307
2 33380  64.8786 119.1769 0023829 325.0410 116.1535  2.13103025 33770
COSMOS 2447 (727)       
1 33466U 08067A   13027.41407850  .00000081  00000-0  00000+0 0  1692
2 33466  64.0991 238.4060 0002861 273.9921 230.7191  2.13101131 31837
COSMOS 2449 (729)       
1 33467U 08067B   13027.21189188  .00000082  00000-0  10000-3 0  1700
2 33467  64.0875 238.3807 0002640 317.2390 167.9679  2.13101960 31858
COSMOS 2448 (728)       
1 33468U 08067C   13027.31754104  .00000081  00000-0  10000-3 0  1639
2 33468  64.0921 238.3855 0004641 334.7876 139.3190  2.13101639 31843
COSMOS 2456 (730)       
1 36111U 09070A   13026.68643260  .00000084  00000-0  00000+0 0  9097
2 36111  64.3276 238.6219 0005212 343.2196  53.4988  2.13101923 24275
COSMOS 2457 (733)       
1 36112U 09070B   13026.20703243  .00000085  00000-0  00000+0 0  8915
2 36112  64.3093 238.5925 0006578 140.5376  23.1684  2.13101620 24260
COSMOS 2458 (734)       
1 36113U 09070C   13026.80743581  .00000083  00000-0  10000-3 0  8992
2 36113  64.3154 238.5687 0003369  42.9752 266.9598  2.13101976 24278
COSMOS 2459 (731)       
1 36400U 10007A   13027.39969113  .00000014  00000-0  10000-3 0  8353
2 36400  64.8473 118.9304 0029939 353.6289  37.6895  2.13102496 22641
COSMOS 2461 (735)       
1 36401U 10007B   13027.45033703  .00000014  00000-0  10000-3 0  8347
2 36401  64.8399 118.9212 0005483  96.5507 243.9515  2.13102527 22636
COSMOS 2460 (732)       
1 36402U 10007C   13027.47175730  .00000015  00000-0  10000-3 0  8438
2 36402  64.8297 118.9133 0001512 181.3293 219.3152  2.13102225 22640
COSMOS 2466 (738)       
1 37137U 10041A   13027.23721402 -.00000046  00000-0  10000-3 0  7095
2 37137  65.0956 359.2393 0019926 159.1531   0.1966  2.13102480 18710
COSMOS 2465 (737)       
1 37138U 10041B   13026.56151044 -.00000048  00000-0  00000+0 0  7132
2 37138  65.1113 359.3120 0034399 171.3862  10.6033  2.13102854 18693
COSMOS 2464 (736)       
1 37139U 10041C   13027.06872867 -.00000046  00000-0  00000+0 0  6982
2 37139  65.1139 359.2830 0020868   7.0814 338.5955  2.13102837 18705
COSMOS 2471 (701K)      
1 37372U 11009A   13027.34015469  .00000013  00000-0  10000-3 0  5745
2 37372  64.8411 118.8525 0006007 231.9051 177.7888  2.13107389 14928
COSMOS 2474 (742)       
1 37829U 11055A   13027.44124977  .00000082  00000-0  00000+0 0  3995
2 37829  64.6482 238.4970 0006062 275.8098 205.4174  2.13101934 10285
COSMOS 2476 (744)       
1 37867U 11064A   13027.66964332  .00000081  00000-0  00000+0 0  3672
2 37867  64.6291 238.6032 0014469 263.5891  78.0592  2.13102059  9635
COSMOS 2477 (745)       
1 37868U 11064B   13027.23970458  .00000083  00000-0  00000+0 0  3674
2 37868  64.6370 238.6449 0012625 265.9789 285.8216  2.13101983  9580
COSMOS 2475 (743)       
1 37869U 11064C   13027.11819008  .00000083  00000-0  10000-3 0  3568
2 37869  64.6441 238.6262 0038902 275.5142  96.8145  2.13759729  9598
COSMOS 2478 (746)       
1 37938U 11071A   13027.72223730  .00000017  00000-0  00000+0 0  3495
2 37938  64.8595 119.0289 0012816 236.9018 265.7403  2.13102537  9219
