GOES 1 [-]              
1 08366U 75100A   13026.89940241 -.00000042  00000-0  10000-3 0  2797
2 08366  13.8238 336.1017 0001224 147.1470 212.9126  1.00230619136188
GOES 2 [-]              
1 10061U 77048A   13027.43881619  .00000000  00000-0  10000-3 0  4839
2 10061  14.6051 344.6328 0012574 284.5949  75.3118  0.99389640 74922
GOES 3 [P]              
1 10953U 78062A   13026.91737088 -.00000087  00000-0  10000-3 0   896
2 10953  14.5386 348.2386 0004821  75.5179 284.5787  1.00277607 79906
GOES 4 [-]              
1 11964U 80074A   13026.90971547 -.00000003  00000-0  10000-3 0  7046
2 11964  15.1029 351.8988 0032539 334.8448  25.0315  0.99227270 79122
GOES 5 [-]              
1 12472U 81049A   13027.03706011  .00000078  00000-0  10000-3 0  5770
2 12472  14.6551   2.0731 0002179 107.6244 252.4410  1.00241040 73949
GOES 6 [-]              
1 14050U 83041A   13027.00546270 -.00000000  00000-0  10000-3 0  5882
2 14050  14.5791   6.9495 0004088  75.9078 284.1793  1.00227051167048
GOES 7 [-]              
1 17561U 87022A   13027.23880609 -.00000106  00000-0  10000-3 0  7943
2 17561  14.1668  23.2725 0003838 325.0122  35.0368  0.99909888 78141
GOES 8 [-]              
1 23051U 94022A   13026.92207568 -.00000218  00000-0  10000-3 0  4338
2 23051   8.7825  56.2990 0005571 202.3845 157.6790  0.98906466 75775
GOES 9 [P]              
1 23581U 95025A   13027.59070586  .00000044  00000-0  10000-3 0  7184
2 23581   8.3194  54.7709 0005075   4.1599 355.9397  0.98797843 64470
GOES 10 [-]             
1 24786U 97019A   13027.59579563  .00000000  00000-0  10000-3 0  6491
2 24786   6.5600  58.1794 0025243 109.0299 251.3453  0.99116003 57617
GOES 11 [+]             
1 26352U 00022A   13027.33455972  .00000000  00000-0  10000-3 0   785
2 26352   1.6328 106.7233 0002564  27.8668 331.6828  0.99038184 46346
GOES 12 [B]             
1 26871U 01031A   13025.38885258 -.00000284  00000-0  10000-3 0  9097
2 26871   2.7473  70.7427 0002651 234.1197 259.2937  1.00256488 42228
GOES 13 [+]             
1 29155U 06018A   13027.35711381 -.00000250  00000-0  10000-3 0  3940
2 29155   0.3455  92.9176 0001466 311.1918 136.6018  1.00273655 24499
GOES 14 [S]             
1 35491U 09033A   13027.50068297 -.00000095  00000-0  10000-3 0  8096
2 35491   0.0697 255.5979 0001208 116.5280 193.1564  1.00185588 13168
GOES 15 [S]             
1 36411U 10008A   13027.49761122  .00000085  00000-0  10000-3 0  4160
2 36411   0.1081 253.1097 0003027  47.9380 230.5201  1.00286861 10665
