RADCAL                  
1 22698U 93041A   13027.47324286  .00000929  00000-0  39163-3 0  4353
2 22698  89.5436 318.4759 0088397 327.6439  31.9340 14.23009709 17014
STRV 1A                 
1 23125U 94034B   13027.79459515  .00002426  00000-0  55805-3 0  1173
2 23125   7.2477  71.9047 6764366 298.8509  10.1592  2.95379365177203
REX 2                   
1 23814U 96014A   13026.80819494  .00000092  00000-0  35432-4 0  7713
2 23814  90.1453 295.2270 0020374 318.9295  72.6192 14.24085563877335
COSMOS 2346             
1 24953U 97052A   13027.67853468 -.00000005  00000-0 -19495-4 0  6598
2 24953  82.9202  47.3208 0040033  23.7971 114.4621 13.79489502772677
ARGOS                   
1 25634U 99008A   13027.20194772  .00000002  00000-0  22218-4 0  7923
2 25634  98.8263  93.6289 0011197 132.6405 290.9923 14.19056180721240
HELIOS 1B               
1 25977U 99064A   13026.87708192  .00000458  00000-0  69419-4 0  8531
2 25977  98.2254  89.4870 0002460  83.2832  36.7221 14.78970717706876
MTI                     
1 26102U 00014A   13027.75663071  .00003450  00000-0  17058-3 0  6818
2 26102  97.3836 158.8457 0016254 205.7544 292.2019 15.18385463709175
STRV 1C                 
1 26610U 00072C   13025.78432428 -.00000096  00000-0  10000-3 0  4549
2 26610   6.1627 204.5660 7337911 210.8615  70.1315  2.03466967 90678
MIDSTAR-1               
1 30773U 07006B   13026.83393830  .00001623  00000-0  67111-4 0  6845
2 30773  46.0768 149.6207 0007325 141.9186 218.2231 15.29312145328251
CFESAT                  
1 30777U 07006F   13027.39984366  .00003302  00000-0  20774-3 0  5524
2 30777  35.4316 355.8019 0003491 162.5934 336.1869 15.08889551324012
NFIRE                   
1 31140U 07014A   13027.15302035  .00018875  00000-0  26090-3 0   173
2 31140  48.2214  15.0121 0005012 146.5366 310.8225 15.57052536327137
SPIRALE A               
1 33751U 09008C   13027.60093602  .00186276  00000-0  19286-2 0  1120
2 33751   2.1236 300.9966 6051287 164.7388 228.2668  4.06962397 38511
SPIRALE B               
1 33752U 09008D   13027.51712551  .00007800  00000-0  17718-2 0  9785
2 33752   2.0335  52.8011 7164783 288.1602  10.4099  2.43331104 33465
