COSMOS 2361             
1 25590U 98076A   13026.66880822  .00000039  00000-0  25870-4 0  1892
2 25590  82.9315 220.2071 0031628  20.4306  50.7531 13.72797569706055
COSMOS 2378             
1 26818U 01023A   13027.10740791  .00000042  00000-0  29224-4 0  2715
2 26818  82.9242 244.2770 0032876 340.4988  19.4912 13.73803907583555
COSMOS 2389             
1 27436U 02026A   13027.52164311  .00000040  00000-0  25710-4 0  9261
2 27436  82.9513 186.0525 0046110 217.4566 204.1660 13.74800471535380
COSMOS 2398             
1 27818U 03023A   13027.59136839  .00000017  00000-0  17836-5 0  8415
2 27818  82.9488 136.5266 0030459 206.8033 153.1534 13.72027765483309
COSMOS 2407             
1 28380U 04028A   13027.20314202  .00000026  00000-0  10864-4 0  6844
2 28380  82.9600  94.0453 0037701 240.8698 118.8684 13.75918680427702
COSMOS 2414             
1 28521U 05002A   13027.81911560  .00000042  00000-0  22498-4 0  7048
2 28521  82.9502 139.1948 0039028 221.3169 138.5040 13.87437956406214
COSMOS 2429             
1 32052U 07038A   13026.89019179  .00000064  00000-0  50734-4 0  5366
2 32052  82.9772 208.0265 0037785 203.2656 156.6797 13.74765979269888
COSMOS 2454             
1 35635U 09039A   13027.75278230  .00000039  00000-0  19121-4 0  3220
2 35635  82.9573 131.9864 0018515 197.6118 162.4407 13.89466428178655
COSMOS 2463             
1 36519U 10017A   13027.66988470  .00000093  00000-0  86788-4 0  4105
2 36519  82.9572 240.2395 0036743  13.2266 346.9841 13.71305255137960
