SIRIUS-1                
1 26390U 00035A   13027.50932851  .00000000  00000-0  10000-3 0  1271
2 26390  60.3694 244.6298 2702569 270.2982  59.2575  1.00280247 45709
SIRIUS-2                
1 26483U 00051A   13026.18058322  .00000001  00000-0  10000-3 0  7634
2 26483  64.0257 124.5081 2681167 270.1475  59.5388  1.00271739 45408
SIRIUS-3                
1 26626U 00077A   13027.84044130  .00000000  00000-0  10000-3 0   561
2 26626  64.3645   4.3855 2692026 269.5009  59.9239  1.00270664 44422
XM-2 (ROCK)             
1 26724U 01012A   13027.53787060 -.00000022  00000-0  10000-3 0  4257
2 26724   0.1020 273.4529 0003483  36.8135 255.1048  1.00273192 43537
XM-1 (ROLL)             
1 26761U 01018A   13027.53787473 -.00000022  00000-0  10000-3 0  2665
2 26761   0.1015 246.4673 0003855 343.8777 335.0054  1.00273229 43006
XM-3 (RHYTHM)           
1 28626U 05008A   13027.07170497 -.00000205  00000-0  10000-3 0  3159
2 28626   0.0169 252.9843 0000407  57.7339 116.4764  1.00271474 29040
XM-4 (BLUES)            
1 29520U 06049A   13024.58532096 -.00000022  00000-0  10000-3 0  9860
2 29520   0.0093 298.6682 0000212 271.4953   9.3187  1.00269859 22955
