CALSPHERE 1             
1 00900U 64063C   13027.07457939  .00000296  00000-0  31802-3 0  9067
2 00900  90.1425 347.6957 0025455 242.3881 117.4686 13.71399447400298
CALSPHERE 2             
1 00902U 64063E   13027.43527322  .00000075  00000-0  10000-3 0  7737
2 00902  90.1395 350.1853 0019559  21.7962 338.4018 13.52536426195820
LCS 1                   
1 01361U 65034C   13025.04236017  .00000009  00000-0  10000-3 0  4227
2 01361  32.1427 270.1676 0005244  72.4070 287.7000  9.89283589725869
TEMPSAT 1               
1 01512U 65065E   13026.72026065  .00000040  00000-0  62813-4 0  8303
2 01512  89.7866 273.7873 0068222 297.0985 123.7361 13.33315197308451
CALSPHERE 4(A)          
1 01520U 65065H   13027.53697470  .00000060  00000-0  10000-3 0    52
2 01520  90.1482 104.9311 0069087 205.1605 154.6168 13.35480335310462
OPS 5712 (P/L 160)      
1 02826U 67053A   13027.22104571  .00001181  00000-0  38257-3 0  8150
2 02826  69.9339   7.7275 0003429 172.1773 187.9410 14.41394331357236
OPS 5712 (P/L 153)      
1 02874U 67053H   13026.87269318  .00000008  00000-0  44355-4 0  3119
2 02874  69.9747 147.2921 0005252  42.0784 104.5567 13.96061973324710
SURCAL 150B             
1 02909U 67053J   13027.20275110  .00001834  00000-0  48222-3 0   158
2 02909  69.9511 143.4034 0006921 254.1033 105.9337 14.50642296364042
RIGIDSPHERE 2 (LCS 4)   
1 05398U 71067E   13027.52029848  .00000335  00000-0  11508-3 0  6982
2 05398  87.6196 247.0800 0065567 157.0950 203.3199 14.32007341173442
