LANDSAT 5               
1 14780U 84021A   13027.86341297 -.00000127  00000-0 -15203-4 0  7038
2 14780  98.1174  94.1359 0002575  43.6800 316.4575 14.64279698537713
SPOT 2                  
1 20436U 90005A   13027.84974181  .00000810  00000-0  14278-3 0  1855
2 20436  98.7083 179.7740 0152404 180.1611 179.9566 14.63372793198568
SCD 1                   
1 22490U 93009B   13027.26881817  .00000416  00000-0  67039-4 0   533
2 22490  24.9689  84.6099 0043225 351.3851   8.5899 14.43819070 53784
ERS-2                   
1 23560U 95021A   13027.47241601  .00003807  00000-0  27246-3 0  5629
2 23560  98.5307 166.3233 0003487 289.0157 100.0414 15.05135825933086
RADARSAT-1              
1 23710U 95059A   13027.79368204  .00000129  00000-0  66902-4 0  3165
2 23710  98.5810  37.0485 0001030  86.9528  34.8577 14.29978438899549
TOMS EP                 
1 23940U 96037A   13026.96042804  .00000294  00000-0  81060-4 0  1613
2 23940  97.9130 212.3149 0028379 221.7009 138.2039 14.53097223881011
MIDORI (ADEOS)          
1 24277U 96046A   13027.04613887  .00000083  00000-0  50223-4 0  1389
2 24277  98.5409 332.3371 0001221  42.4077  12.5232 14.28851928857385
ORBVIEW 2 (SEASTAR)     
1 24883U 97037A   13027.36261216  .00000162  00000-0  75522-4 0  9456
2 24883  98.4369 145.7451 0002554 151.6632 208.4687 14.32578550822493
IRS-1D                  
1 24971U 97057A   13027.87459766  .00000066  00000-0  38548-4 0  3837
2 24971  98.2164  15.5681 0053059 312.2642  47.4058 14.33271576801986
TRMM                    
1 25063U 97074A   13026.69184120  .00012169  00000-0  16970-3 0  2275
2 25063  34.9604 250.6903 0001209 267.7532  92.3037 15.56008948865754
SPOT 4                  
1 25260U 98017A   13027.81198106  .00000066  00000-0  50746-4 0  2066
2 25260  98.5341  87.8192 0001404  63.1249 297.0066 14.20110151769767
FASAT B                 
1 25395U 98043B   13026.85130809  .00000062  00000-0  44370-4 0  5372
2 25395  98.3494   8.7399 0001642 305.3812 114.0381 14.24618730756310
TECHSAT 1B (GO-32)      
1 25397U 98043D   13027.30138089  .00000201  00000-0  10714-3 0  9848
2 25397  98.3932   1.3280 0001459  31.6653 328.4621 14.23320335755907
SCD 2                   
1 25504U 98060A   13027.07240891  .00000153  00000-0 -78977-5 0  3642
2 25504  24.9974 279.4403 0017217  47.7318 312.4660 14.43431142753161
LANDSAT 7               
1 25682U 99020A   13027.74797824  .00000120  00000-0  36614-4 0  8394
2 25682  98.2100  99.3027 0001044 114.5006 245.6301 14.57108384733387
KITSAT 3                
1 25756U 99029A   13026.75088191  .00000125  00000-0  41728-4 0   305
2 25756  98.5147 273.5301 0015168 111.3815 279.7703 14.52915596724738
DLR-TUBSAT              
1 25757U 99029B   13027.63808987  .00000032  00000-0  19977-4 0  7740
2 25757  98.5591 267.3237 0014678 148.2977 211.9104 14.51018876724180
IRS-P4 (OCEANSAT 1)     
1 25758U 99029C   13027.30196363  .00000122  00000-0  41745-4 0  2645
2 25758  98.2498 120.4200 0002430 132.8810 227.2586 14.51295714724295
QUIKSCAT                
1 25789U 99034A   13027.60704067  .00000053  00000-0  39643-4 0  5138
2 25789  98.6177 219.4944 0001370  48.6113 311.5186 14.26980553708753
IKONOS 2                
1 25919U 99051A   13027.80990329  .00000110  00000-0  29575-4 0  6152
2 25919  98.1045 104.9353 0000893 100.1147 260.0143 14.64462133713342
CBERS 1 (ZY 1A)         
1 25940U 99057A   13027.89124566  .00000055  00000-0  34024-4 0  3883
2 25940  98.2993 349.5011 0006354  95.4278 298.5140 14.34755468696162
TERRA                   
1 25994U 99068A   13027.76274778  .00000219  00000-0  58573-4 0  7916
2 25994  98.2098 104.6775 0001054  94.2053 265.9250 14.57117621697466
ARIRANG 1 (KOMPSAT-1)   
1 26032U 99070A   13027.77168595  .00000417  00000-0  82991-4 0  7116
2 26032  97.7595 228.9571 0005022  12.9946 347.1386 14.66634315700964
EO-1                    
1 26619U 00075A   13027.77665155 -.00000488  00000-0 -86518-4 0  1414
2 26619  98.0510  93.6314 0011160 123.3986 236.8249 14.62849227649262
SAC-C                   
1 26620U 00075B   13026.91875189  .00000212  00000-0  56466-4 0  8184
2 26620  97.9136  10.2056 0001162 102.4695 257.6637 14.57097398647808
EROS A1                 
1 26631U 00079A   13027.83011541  .00003584  00000-0  22514-3 0  9470
2 26631  97.6288 102.6298 0012266 159.8502 303.6695 15.09857591674295
QUICKBIRD 2             
1 26953U 01047A   13027.80270909  .00006830  00000-0  17327-3 0  2842
2 26953  97.1922  94.1809 0001767 100.9845  36.7998 15.39995552633441
TES                     
1 26957U 01049A   13027.75384727  .00006115  00000-0  46818-3 0  2412
2 26957  97.7497 108.5255 0052299  62.5038 298.1307 15.01145206617291
JASON 1                 
1 26997U 01055A   13026.08999043 -.00000073  00000-0 -47713-4 0  6106
2 26997  66.0380 208.0334 0006829 283.5366 213.4308 12.83924204521044
METEOR-3M               
1 27001U 01056A   13027.89148617 -.00000038  00000-0  44899-5 0  2544
2 27001  99.2026 204.8154 0013658 194.9699 318.7148 13.68744613556184
BADR-B                  
1 27003U 01056C   13027.54887951 -.00000038  00000-0  43860-5 0  2782
2 27003  99.1562 210.1953 0020371 188.5278 204.1089 13.70146636556769
MAROC-TUBSAT            
1 27004U 01056D   13025.55067661  .00000024  00000-0  74373-4 0   403
2 27004  99.1586 207.4043 0019055 196.6120 163.4402 13.70062855556450
SPOT 5                  
1 27421U 02021A   13027.75893410  .00000248  00000-0  13651-3 0  1255
2 27421  98.6285 100.0976 0001032 109.0546  40.3100 14.20078064556589
AQUA                    
1 27424U 02022A   13027.98825407 -.00000671  00000-0  00000+0 0  5698
2 27424  98.2226 331.2782 0001683  63.5719 296.6144 14.57123834571109
HAIYANG-1A              
1 27430U 02024A   13027.55669951  .00000085  00000-0  48939-4 0  1388
2 27430  98.2983  66.9046 0010024 134.8332  28.2830 14.30131205558752
ALSAT 1                 
1 27559U 02054A   13027.20821318  .00000256  00000-0  50059-4 0  7069
2 27559  97.7745 232.7519 0024561  98.5766  13.2343 14.70179910543598
MIDORI II (ADEOS-II)    
1 27597U 02056A   13027.55732703  .00000066  00000-0  44459-4 0  9305
2 27597  98.3022  57.3425 0001342  68.6384  44.6848 14.26513448527003
IRS-P6 (RESOURCESAT-1)  
1 28051U 03046A   13027.67459865 -.00000514  00000-0 -21434-3 0  7067
2 28051  98.7708 105.3534 0002768 281.5890  78.5009 14.21597871481731
CBERS 2 (ZY 1B)         
1 28057U 03049A   13027.85702090  .00000062  00000-0  36126-4 0  1578
2 28057  98.1581  35.7630 0000925  44.0246 316.1016 14.35037254485803
TANSUO 1 (TS 1)         
1 28220U 04012A   13027.87820608  .00001354  00000-0  14025-3 0  4176
2 28220  97.4862  12.0093 0013072 115.1971 302.1352 14.91521735477018
FORMOSAT-2 (ROCSAT 2)   
1 28254U 04018A   13027.78958532  .00000106  00000-0  10000-3 0  7498
2 28254  98.9363  92.7998 0001422 158.4546 336.4645 14.00784190444408
AURA                    
1 28376U 04026A   13027.10123469  .00000375  00000-0  93393-4 0  7058
2 28376  98.2210 332.5918 0001036 104.4977 255.6352 14.57077658454026
PARASOL                 
1 28498U 04049G   13027.45942831  .00000235  00000-0  58960-4 0  5535
2 28498  98.4428 359.0355 0001130  75.8646 284.2666 14.60118447431579
IRS-P5 (CARTOSAT-1)     
1 28649U 05017A   13027.71603900  .00000694  00000-0  90934-4 0  7065
2 28649  97.8860 104.6051 0001933 122.2452 237.8961 14.83435116418555
TOPSAT                  
1 28891U 05043B   13027.74017285  .00000161  00000-0  42469-4 0   850
2 28891  97.8709 246.5242 0017458 161.0216 199.1640 14.60257276386543
SINAH 1                 
1 28893U 05043D   13026.79163417  .00000083  00000-0  26139-4 0  5949
2 28893  97.8805 248.0747 0016227 162.0229 259.1231 14.60477622386482
ALOS (DAICHI)           
1 28931U 06002A   13027.81376804  .00000417  00000-0  95692-4 0  8100
2 28931  98.0507  96.9099 0000857  37.5990 322.5263 14.60240555373557
EROS B                  
1 29079U 06014A   13027.74193819  .00008151  00000-0  39043-3 0  6032
2 29079  97.4432 148.3051 0005778  84.3103  48.9535 15.19183476374953
RSS-1 (YAOGAN 1)        
1 29092U 06015A   13027.57713124  .00000266  00000-0  41016-4 0  3216
2 29092  97.9465  21.1927 0001311 108.4746  40.7927 14.81108366365137
RESURS-DK 1             
1 29228U 06021A   13027.81897630  .00000346  00000-0  35679-4 0  4247
2 29228  69.9351 205.8800 0007339 275.1856  84.8464 14.99762780367785
ARIRANG 2 (KOMPSAT-2)   
1 29268U 06031A   13027.79399445  .00000229  00000-0  55169-4 0  2200
2 29268  98.2398 284.5330 0015247   3.5153 356.6154 14.62000659347006
LAPAN-TUBSAT            
1 29709U 07001A   13027.74501595  .00000167  00000-0  28014-4 0  7232
2 29709  97.6413  54.7551 0012145 300.9837  59.0162 14.80831767326862
CARTOSAT-2 (IRS-P7)     
1 29710U 07001B   13027.79133313  .00000178  00000-0  31109-4 0  6968
2 29710  97.8762  88.7918 0000747  84.1907 275.9384 14.78703674326543
HAIYANG-1B              
1 31113U 07010A   13027.74981079  .00000095  00000-0  53032-4 0  4485
2 31113  98.3802  85.7635 0015673 135.6351 224.6086 14.29804003302612
COSMO-SKYMED 1          
1 31598U 07023A   13027.76072369  .00000551  00000-0  75743-4 0  2737
2 31598  97.8685 215.2324 0001190  80.6983 279.4365 14.82169284305239
TERRASAR-X              
1 31698U 07026A   13027.92586509  .00000923  00000-0  47138-4 0  6784
2 31698  97.4444  37.4471 0001283  87.4124   3.1371 15.19158861311776
WORLDVIEW-1 (WV-1)      
1 32060U 07041A   13027.79886610  .00002816  00000-0  11698-3 0  9907
2 32060  97.3328 105.5015 0003707  60.7767  87.6331 15.24630399298281
CBERS 2B                
1 32062U 07042A   13027.75704353  .00000216  00000-0  83407-4 0  5859
2 32062  98.3560 100.8246 0031886 326.7131  33.2034 14.38925025281281
YAOGAN 3                
1 32289U 07055A   13027.74011861  .00000498  00000-0  70889-4 0  7795
2 32289  97.9000  20.3839 0001302 106.8535 253.2828 14.81090072281698
COSMO-SKYMED 2          
1 32376U 07059A   13027.72699888 -.00000138  00000-0 -10769-4 0  6765
2 32376  97.8686 215.1995 0001263  84.7496 275.3863 14.82157658277972
RADARSAT-2              
1 32382U 07061A   13027.83034900  .00000038  00000-0  31607-4 0  6586
2 32382  98.5771  37.6287 0000982  89.7641  32.8424 14.29982331267431
CARTOSAT-2A             
1 32783U 08021A   13027.77041933  .00000189  00000-0  32724-4 0  2680
2 32783  97.8789  89.4082 0016299  96.3254 263.9789 14.78722983256480
IMS-1                   
1 32786U 08021D   13027.74440666  .00000630  00000-0  88985-4 0  7581
2 32786  97.7746  84.6715 0014360  64.5866 295.6825 14.80422010256729
JASON 2 (OSTM)          
1 33105U 08032A   13027.43781604 -.00000050  00000-0  46041-4 0  5206
2 33105  66.0376 208.6499 0007114 271.5909  88.4302 12.80930354215442
RAPIDEYE 2              
1 33312U 08040A   13027.72846321  .00000239  00000-0  38565-4 0  9322
2 33312  97.9111 119.2222 0013136 143.9053 216.3041 14.79819041238510
RAPIDEYE 5              
1 33313U 08040B   13027.75392219  .00000285  00000-0  44479-4 0  9195
2 33313  97.9064 118.3115 0019274  26.6089 333.6115 14.79987364238467
RAPIDEYE 1              
1 33314U 08040C   13027.87668167  .00000643  00000-0  91874-4 0  9725
2 33314  97.9089 119.3837 0025575 159.1379 201.0848 14.79815546238522
RAPIDEYE 3              
1 33315U 08040D   13027.77964299  .00000070  00000-0  16127-4 0  9025
2 33315  97.9044 118.2413 0014196  98.0340 262.2461 14.79833434238478
RAPIDEYE 4              
1 33316U 08040E   13027.76565213  .00000292  00000-0  45381-4 0  8982
2 33316  97.9037 118.0263 0013963  46.3443 313.8925 14.79995069238463
HJ-1A                   
1 33320U 08041A   13027.72447865  .00000385  00000-0  64882-4 0  8593
2 33320  97.8393  95.4446 0028066 140.2001 220.1253 14.74612706236570
HJ-1B                   
1 33321U 08041B   13027.76105994  .00000486  00000-0  79583-4 0  9162
2 33321  97.8417  95.7823 0037499 156.8649 203.4265 14.74607345236560
GEOEYE 1                
1 33331U 08042A   13027.77539683  .00000103  00000-0  28492-4 0  8754
2 33331  98.1061 103.7069 0008730 240.4798 119.5521 14.64449649234754
THEOS                   
1 33396U 08049A   13027.81162794  .00000155  00000-0  93370-4 0  6721
2 33396  98.7741  96.7227 0001115 112.4427  24.8464 14.20126037224208
COSMO-SKYMED 3          
1 33412U 08054A   13027.78182695 -.00000010  00000-0  52285-5 0  7042
2 33412  97.8688 215.2530 0001282  87.9971 272.1389 14.82164643230447
YAOGAN 4                
1 33446U 08061A   13027.75335751  .00000436  00000-0  72474-4 0  6161
2 33446  97.7604  88.1281 0018671  95.4151 264.9175 14.74597707223845
YAOGAN 5                
1 33456U 08064A   13027.90729878  .00009703  00000-0  23133-3 0  6195
2 33456  97.2319 102.6604 0008796  16.8226  98.8117 15.41734262230024
GOSAT (IBUKI)           
1 33492U 09002A   13027.77035614 -.00000143  00000-0 -16717-4 0  1222
2 33492  98.0793 139.4359 0001010  59.9421 300.1919 14.67541083214958
YAOGAN 6                
1 34839U 09021A   13027.79439179  .00004040  00000-0  20256-3 0  2271
2 34839  97.3318 115.2940 0000915 127.7474  25.0073 15.17893767209034
RAZAKSAT                
1 35578U 09037A   13027.72694997  .00000851  00000-0  54108-4 0  9056
2 35578   8.9855  71.8713 0017206  84.3478 275.8695 14.65568663190015
DEIMOS-1                
1 35681U 09041A   13027.75340331 -.00003728  00000-0 -61618-3 0  8835
2 35681  98.0179 289.0312 0001615  88.7012 271.4418 14.69851298187728
OCEANSAT 2              
1 35931U 09051A   13027.24407731  .00000320  00000-0  92330-4 0  2660
2 35931  98.2770 125.3706 0003644  98.2344 283.1958 14.50844456177188
WORLDVIEW-2             
1 35946U 09055A   13027.76889089  .00000079  00000-0  40863-4 0  6734
2 35946  98.4635 110.0448 0001557 138.4383 221.6924 14.37699129173402
SMOS                    
1 36036U 09059A   13026.57733279  .00000135  00000-0  57112-4 0  9940
2 36036  98.4428 216.0782 0001153 109.9904 282.0116 14.39755573170011
YAOGAN 7                
1 36110U 09069A   13027.74585929 -.00000067  00000-0 -22395-5 0  4870
2 36110  97.9909 163.7204 0025295 201.5874 158.4283 14.74622273168834
TANDEM-X                
1 36605U 10030A   13027.54505227 -.00000812  00000-0 -35509-4 0  2865
2 36605  97.4432  37.0716 0001800  81.0441  88.0962 15.19142564144451
CARTOSAT 2B             
1 36795U 10035A   13027.81305144  .00000682  00000-0  99865-4 0  8646
2 36795  97.8797  91.2935 0016345 165.3604 194.8049 14.78683256137536
YAOGAN 10               
1 36834U 10038A   13027.72243986  .00000293  00000-0  44374-4 0  7572
2 36834  97.8447  28.8212 0000812  96.9340 263.1961 14.81028118133447
COSMO-SKYMED 4          
1 37216U 10060A   13027.74387763  .00000195  00000-0  31016-4 0  4988
2 37216  97.8694 215.2169 0001379  73.1041 287.0322 14.82159688120522
SAC-D                   
1 37673U 11024A   13027.08227266  .00000188  00000-0  37509-4 0  5339
2 37673  98.0128  36.5313 0001462 102.0298 289.6657 14.72312419 87767
RASAT                   
1 37791U 11044D   13027.77318238  .00000143  00000-0  36780-4 0  6431
2 37791  98.2123 111.6772 0023442 111.0948 249.2761 14.63567341 77430
MEGHA-TROPIQUES         
1 37838U 11058A   13026.57863765  .00000365  00000-0  57163-4 0  3357
2 37838  19.9781  96.2098 0009588 124.4266  21.7134 14.09694855 66703
SRMSAT                  
1 37841U 11058D   13027.53594028  .00000264  00000-0  00000+0 0  3206
2 37841  19.9721  88.3154 0012205 134.3419 225.8006 14.10197144 66892
YAOGAN 13               
1 37941U 11072A   13027.88902660  .00003401  00000-0  16129-3 0  3216
2 37941  97.3662 321.6838 0001948  81.8824   4.5608 15.19942403 64600
PLEIADES 1A             
1 38012U 11076F   13027.77060136  .00000090  00000-0  29053-4 0  2515
2 38012  98.1720 104.8792 0001093  88.3558 271.7758 14.58581461 59424
ZIYUAN 1-02C (ZY 1-02C) 
1 38038U 11079A   13027.75596540 -.00000885  00000-0 -29346-3 0  2278
2 38038  98.5158 106.2447 0001033 122.8617 237.2615 14.35363218 57765
ZIYUAN 3 (ZY 3)         
1 38046U 12001A   13027.79117200  .00003802  00000-0  17382-3 0  2029
2 38046  97.4520 106.1156 0003617  32.8194  82.3416 15.21150899 58484
RISAT 1                 
1 38248U 12017A   13027.90196296  .00001159  00000-0  77432-4 0  8656
2 38248  97.5939  36.1657 0001772 105.6284 346.5904 15.08955183 41764
ARIRANG 3 (KOMPSAT-3)   
1 38338U 12025B   13027.91225024  .00000242  00000-0  58102-4 0  5100
2 38338  98.1528 329.9053 0010458 315.6708  44.3659 14.61690015 37283
SPOT 6                  
1 38755U 12047A   13027.85565041  .00000421  00000-0  10028-3 0  4939
2 38755  98.1845  97.6166 0001239  97.1348 262.9987 14.58577998 20511
