SARSAT 7 (NOAA 15)      
1 25338U 98030A   13027.51453845  .00000135  00000-0  76057-4 0  5926
2 25338  98.7108  18.5681 0010669 172.2260 187.9098 14.25172922764809
SARSAT 8 (NOAA 16)      
1 26536U 00055A   13027.46937928  .00000488  00000-0  28689-3 0   709
2 26536  99.0634  78.7083 0010862 168.9281 191.2142 14.12835208636706
GPS BIIR-07 [DASS]      
1 26690U 01004A   13026.66809912  .00000065  00000-0  10000-3 0  7310
2 26690  53.1730 224.7955 0138345 238.6720 120.0023  2.00553228 87897
GOES 12                 
1 26871U 01031A   13025.38885258 -.00000284  00000-0  10000-3 0  9097
2 26871   2.7473  70.7427 0002651 234.1197 259.2937  1.00256488 42228
SARSAT 9 (NOAA 17)      
1 27453U 02032A   13027.51177124  .00000222  00000-0  11304-3 0    22
2 27453  98.3200  49.0072 0011144 214.5357 145.5113 14.24535715550697
MSG-1                   
1 27509U 02040B   13027.79353757  .00000000  00000-0  10000-3 0  2186
2 27509   1.8334  61.8430 0000981 115.4930 244.7188  1.00264216 38240
GPS BIIR-08 [DASS]      
1 27663U 03005A   13027.03609863 -.00000016  00000-0  10000-3 0  1624
2 27663  56.3507  47.3340 0068158 359.9694   0.0886  2.00576625 73258
INSAT 3A                
1 27714U 03013A   13027.80608788 -.00000257  00000-0  10000-3 0  5069
2 27714   0.0223  92.0121 0006013 198.4422 220.4454  1.00271105 35944
GPS BIIR-11 [DASS]      
1 28190U 04009A   13027.15240186 -.00000002  00000-0  10000-3 0  6122
2 28190  55.1095 109.8058 0087121  14.9700 345.3284  2.00565702 64925
GPS BIIR-12 [DASS]      
1 28361U 04023A   13026.94096586 -.00000009  00000-0  10000-3 0  4313
2 28361  54.8456 285.3431 0081888 194.9478 164.8824  2.00552609 63006
GPS BIIR-13 [DASS]      
1 28474U 04045A   13026.44196427  .00000014  00000-0  10000-3 0  3181
2 28474  53.7850 163.5181 0120032 207.0233 152.3045  2.00572800 60353
SARSAT 10 (NOAA 18)     
1 28654U 05018A   13027.31480369  .00000368  00000-0  22682-3 0  4834
2 28654  99.0785 353.6447 0013638 243.7665 116.2121 14.11765018396186
GPS IIR-14M [DASS]      
1 28874U 05038A   13026.79860178 -.00000005  00000-0  10000-3 0  5775
2 28874  55.2657 106.8210 0081769 231.5013 127.8083  2.00550770 53783
MSG-2                   
1 28912U 05049B   13027.10398090  .00000057  00000-0  10000-3 0  3937
2 28912   0.3785   2.9798 0002417 112.3286  53.6826  1.00413176 26088
GOES 13                 
1 29155U 06018A   13027.35711381 -.00000250  00000-0  10000-3 0  3940
2 29155   0.3455  92.9176 0001466 311.1918 136.6018  1.00273655 24499
SARSAT 11 (METOP-A)     
1 29499U 06044A   13027.24277678  .00000799  00000-0  38506-3 0  9544
2 29499  98.6708  88.9645 0002274 108.7970 251.3545 14.21505422325551
GPS IIR-16M [DASS]      
1 29601U 06052A   13026.84959309 -.00000017  00000-0  10000-3 0  9993
2 29601  56.3063  46.2901 0041382   5.0266 355.0740  2.00567573 45392
GPS IIR-17M [DASS]      
1 32260U 07047A   13026.66125938 -.00000007  00000-0  00000+0 0  7066
2 32260  53.9948 283.1030 0051882   4.2439 355.8715  2.00560625 38782
GPS IIR-18M [DASS]      
1 32384U 07062A   13026.47832534 -.00000008  00000-0  10000-3 0  7444
2 32384  55.2987 107.3325 0020888 293.6913  66.1482  2.00558302 37505
SARSAT 12 (NOAA 19)     
1 33591U 09005A   13027.51493719  .00000114  00000-0  87283-4 0  6688
2 33591  98.8893 330.7901 0014823 106.4040 253.8742 14.11451685204658
GOES 14                 
1 35491U 09033A   13027.50068297 -.00000095  00000-0  10000-3 0  8096
2 35491   0.0697 255.5979 0001208 116.5280 193.1564  1.00185588 13168
GOES 15                 
1 36411U 10008A   13027.49761122  .00000085  00000-0  10000-3 0  4160
2 36411   0.1081 253.1097 0003027  47.9380 230.5201  1.00286861 10665
ELEKTRO-L 1             
1 37344U 11001A   13026.72932639 -.00000096  00000-0  10000-3 0  5285
2 37344   0.0671 296.3747 0001309 305.1587 223.1856  1.00271734  7455
GLONASS-K 1             
1 37372U 11009A   13027.34015469  .00000013  00000-0  10000-3 0  5745
2 37372  64.8411 118.8525 0006007 231.9051 177.7888  2.13107389 14928
LUCH 5A                 
1 37951U 11074B   13026.48663345 -.00000043  00000-0  00000+0 0  2685
2 37951   4.0048 261.5975 0004414 357.9144 208.6785  1.00274328  4157
MSG-3                   
1 38552U 12035B   13022.32681843  .00000025  00000-0  10000-3 0  1934
2 38552   1.4061 250.0341 0000616 162.1349 187.5133  1.00411652  2157
SARSAT 13 (METOP-B)     
1 38771U 12049A   13027.13961194  .00000117  00000-0  73574-4 0  1226
2 38771  98.7222  89.3230 0001543 210.8474 149.2637 14.21480412 18673
GALILEO-FM3 (GSAT0103)  
1 38857U 12055A   13024.94803915  .00000072  00000-0  10000-3 0   469
2 38857  55.2883 236.6414 0000306 172.5433 187.5290  1.70473491  1788
GALILEO-FM4 (GSAT0104)  
1 38858U 12055B   13027.81581985  .00000000  00000-0  10000-3 0   426
2 38858  55.3125 236.5575 0000284 344.8763  15.1881  1.70471914  1837
