AOR-E (EGNOS/PRN 120)   
1 24307U 96053A   13024.11345194 -.00000123  00000-0  10000-3 0  5589
2 24307   0.0834  33.3624 0006242 268.3169 207.2368  1.00272351 59994
ARTEMIS (EGNOS/PRN 124) 
1 26863U 01029A   13027.73046576  .00000000  00000-0  10000-3 0  4290
2 26863  10.3614  51.5587 0002324 256.4351 103.6268  1.00274436 43392
MTSAT-1R (MSAS/PRN 129) 
1 28622U 05006A   13027.61928331 -.00000280  00000-0  10000-3 0  8126
2 28622   0.0334 236.0420 0001748 135.8002 118.1402  1.00271025 28991
CRE (WAAS/PRN 138)      
1 28868U 05036A   13027.50027315 -.00000074  00000-0  10000-3 0  1350
2 28868   0.0128  15.2544 0001090 280.1467 264.3136  1.00273344 27136
CRW (WAAS/PRN 135)      
1 28884U 05041A   13025.43479407  .00000079  00000-0  10000-3 0  4398
2 28884   0.0469 271.4984 0001546  34.2201 202.6702  1.00272740 26699
IOR-W (EGNOS/PRN 126)   
1 28899U 05044A   13027.53857720  .00000000  00000-0  10000-3 0  5539
2 28899   2.2614 345.4079 0002173 314.3472  46.1957  1.00272698 26388
MTSAT-2 (MSAS/PRN 137)  
1 28937U 06004A   13025.44036660 -.00000243  00000-0  10000-3 0  3245
2 28937   0.0343 271.2047 0003825  50.3028 106.9209  1.00270320 25458
AMR (WAAS/PRN 133)      
1 33278U 08039A   13024.14131934 -.00000136  00000-0  10000-3 0   298
2 33278   3.0082 345.4112 0003064 306.6808 144.7452  1.00271916 16283
QZS-1 (QZSS/PRN 183)    
1 37158U 10045A   13025.25017529 -.00000119  00000-0  10000-3 0  4661
2 37158  40.6568 182.6706 0748609 269.9958 258.9644  1.00274000  8715
GSAT 8 (GAGAN/PRN 127)  
1 37605U 11022A   13027.72777541  .00000085  00000-0  10000-3 0  3845
2 37605   0.0685  87.0094 0006422 182.4606 174.7646  1.00273872  6237
LUCH 5A (SDCM/PRN 140)  
1 37951U 11074B   13026.48663345 -.00000043  00000-0  00000+0 0  2685
2 37951   4.0048 261.5975 0004414 357.9144 208.6785  1.00274328  4157
LUCH 5B (SDCM/PRN 125)  
1 38977U 12061A   13026.10726155 -.00000125  00000-0  00000+0 0   701
2 38977   0.2905 128.1280 0004963 242.7492 137.3840  1.00273445  1144
