ALOUETTE 1 (S-27)       
1 00424U 62049A   13026.59450986  .00000025  00000-0  18512-4 0   910
2 00424  80.4654  51.3497 0022331 244.9504 262.0211 13.68857567512195
IUE                     
1 10637U 78012A   13024.13078589  .00000000  00000-0  10000-3 0  8641
2 10637  43.9500 357.9133 1480987 179.2060 181.1173  1.00070806 80634
IRAS                    
1 13777U 83004A   13027.20069211  .00000234  00000-0  18794-3 0  1245
2 13777  99.0069 226.0352 0017824 168.9506 300.6293 14.00182328202317
AKEBONO (EXOS-D)        
1 19822U 89016A   13026.90604935  .00027518  40725-6  73790-3 0  4490
2 19822  75.0670 183.5869 2428630 215.7228 327.4489 10.57023804730176
INTERCOSMOS 24          
1 20261U 89080A   13027.16008731  .00000389  00000-0  11206-3 0  9684
2 20261  82.5960 326.8613 1211931 187.1223 171.1185 12.54255046 64978
COBE                    
1 20322U 89089A   13027.11719769  .00000306  00000-0  21963-3 0  9563
2 20322  99.0039  38.8256 0009100  54.1636 347.4398 14.04531992188449
HST                     
1 20580U 90037B   13026.85252047  .00001106  00000-0  67421-4 0  1623
2 20580  28.4692 119.0748 0003110 275.2142  84.8087 15.03240716 48406
CRRES                   
1 20712U 90065A   13026.77026617  .00000526  00000-0  26827-3 0  5773
2 20712  17.7942 240.6343 7125367   8.9740  31.7245  2.43880483189173
SARA                    
1 21578U 91050E   13026.60816635  .00000339  00000-0  95900-4 0  6501
2 21578  98.4037   3.2451 0004212  94.4636  37.6457 14.51644423135737
ORBVIEW 1 (MICROLAB)    
1 23547U 95017C   13027.17417511  .00000441  00000-0  11286-3 0   848
2 23547  69.9828 330.3086 0011053 190.7778 169.3124 14.56839590944730
RXTE (XTE)              
1 23757U 95074A   13026.85994469  .00003919  00000-0  92083-4 0  8239
2 23757  22.9895 304.3684 0006336  49.7725 310.3348 15.36647829948218
POLAR                   
1 23802U 96013A   13026.23013070 -.00000074  00000-0  10000-3 0  3778
2 23802  81.3392 306.0437 6724793  28.8421 355.5671  1.29844989 81363
FAST                    
1 24285U 96049A   13026.80723196  .00006562  00000-0  56157-3 0  6765
2 24285  82.9671 111.6623 1957253 164.4036 202.7426 11.35291267667517
TRACE                   
1 25280U 98020A   13027.54768482  .00001335  00000-0  10369-3 0  3979
2 25280  97.5944 231.5905 0032068 110.6252 249.8410 15.02622707808981
SAFIR 2                 
1 25399U 98043F   13027.03704023  .00000191  00000-0  10085-3 0  4201
2 25399  98.3557   7.3706 0000807 291.8721  68.2380 14.24152949756191
SWAS                    
1 25560U 98071A   13027.84593287  .00000780  00000-0  92119-4 0  1164
2 25560  69.9024 315.5844 0005753  58.3417 301.8297 14.88907774766754
ASTRID 2                
1 25568U 98072B   13027.72632755  .00000029  00000-0  15419-4 0  2080
2 25568  82.9479  86.9939 0024130 352.3328 156.2364 13.72182783707741
ORSTED                  
1 25635U 99008B   13026.89807495  .00000276  00000-0  75884-4 0  7257
2 25635  96.4805 287.4661 0140885 313.7898  45.1718 14.46572128734464
SUNSAT (SO-35)          
1 25636U 99008C   13027.75721491  .00000127  00000-0  40814-4 0  4140
2 25636  96.4783 277.5170 0146842   0.7883  29.5938 14.43869149733627
ABRIXAS                 
1 25721U 99022A   13026.68739611  .00005642  00000-0  21265-3 0  6063
2 25721  48.4593  95.0257 0016830 124.5874  14.0789 15.28310894761542
TERRIERS                
1 25735U 99026A   13027.52555154  .00002523  00000-0  92560-4 0  7933
2 25735  97.0812 221.4274 0007856  61.5596 353.6430 15.28812009760161
FUSE 1                  
1 25791U 99035A   13026.79474407  .00000327  00000-0  44013-4 0  4414
2 25791  24.9844 156.7597 0010429  98.9221  34.7759 14.42113906717050
CXO                     
1 25867U 99040B   13027.74646901 -.00000260  00000-0  00000+0 0  8470
2 25867  74.4569 348.5134 8665745 278.0071   0.6884  0.37796288 10006
CLEMENTINE              
1 25978U 99064B   13027.40613112  .00001242  00000-0  13977-3 0  8369
2 25978  98.1380 150.5844 0010904 140.8125 250.3851 14.88526822712037
XMM-NEWTON              
1 25989U 99066A   13027.25465783  .00000033  00000-0  00000+0 0  3388
2 25989  63.8658  72.8555 7101033  95.4274 359.9237  0.50143505 12856
TERRA                   
1 25994U 99068A   13027.76274778  .00000219  00000-0  58573-4 0  7916
2 25994  98.2098 104.6775 0001054  94.2053 265.9250 14.57117621697466
ACRIMSAT                
1 26033U 99070B   13027.35976920  .00000135  00000-0  36310-4 0  7650
2 26033  97.8124 229.0533 0028698   3.1430 356.9941 14.61036910698275
IMAGE                   
1 26113U 00017A   13027.43692398  .00000384  00000-0  17125-1 0  3242
2 26113  93.0526 229.1232 7564678 129.9509 342.5584  1.68639682 79083
CLUSTER II-FM6 (SALSA)  
1 26410U 00041A   13024.90309447  .00000558  00000-0  00000+0 0  9205
2 26410 138.1231 301.3469 7883010 115.4280 359.4205  0.44220214 10400
CLUSTER II-FM7 (SAMBA)  
1 26411U 00041B   13024.90151813  .00000558  00000-0  00000+0 0  8948
2 26411 138.1232 301.3465 7883019 115.4276 359.1698  0.44220283 10489
CLUSTER II-FM5 (RUMBA)  
1 26463U 00045A   13024.90446584  .00000648  00000-0  00000+0 0  9098
2 26463 141.0079 298.2334 7839049 113.6875 359.2644  0.44221702 10980
CLUSTER II-FM8 (TANGO)  
1 26464U 00045B   13005.56412503  .00000853  00000-0  00000+0 0  8563
2 26464 130.2025 285.9426 7849071 105.5655 359.4067  0.42551715 10269
MEGSAT-1                
1 26546U 00057B   13027.19515754  .00000536  00000-0  77077-4 0  8125
2 26546  64.5543 295.9191 0048582 264.1562  95.4018 14.86211710668177
HETE-2                  
1 26561U 00061A   13025.18627798  .00002611  00000-0  14090-3 0  8307
2 26561   1.9490 179.7707 0021381  74.6814 285.6521 14.99348575672962
MUNIN                   
1 26621U 00075C   13027.35306186  .00000499  00000-0  47121-3 0  5743
2 26621  95.4155 133.3951 0714198 239.7017 147.8891 13.03880631579734
ODIN                    
1 26702U 01007A   13027.87792904  .00000920  00000-0  80988-4 0  8564
2 26702  97.6434  44.5576 0004966  30.1061 330.0447 14.98885265651008
TIMED                   
1 26998U 01055B   13026.80430401  .00000286  00000-0  37475-4 0  3997
2 26998  74.0721 258.5106 0001687 319.1029  41.0024 14.85329209603329
RHESSI                  
1 27370U 02004A   13026.90855837  .00002768  00000-0  18253-3 0   370
2 27370  38.0397 317.8147 0012545 166.1947 193.9129 15.08167356602502
INTEGRAL                
1 27540U 02048A   13025.16666667  .00000535  00000-0  00000+0 0  2453
2 27540  62.9342 270.5843 8780671 252.5856 358.9602  0.33413647  8704
FEDSAT                  
1 27598U 02056B   13027.76838929  .00000010  00000-0  20474-4 0  8798
2 27598  98.2551  35.5034 0007957 295.6175 119.1337 14.28212108527723
WEOS                    
1 27599U 02056C   13027.84292352  .00000080  00000-0  48056-4 0  8807
2 27599  98.2488  44.2082 0008826 306.0063 104.0869 14.28831125527934
MICRO LABSAT            
1 27600U 02056D   13027.10982956  .00000021  00000-0  24447-4 0  8459
2 27600  98.2435  42.7201 0009817 309.3955  81.4004 14.29093178527941
CORIOLIS                
1 27640U 03001A   13027.65990720 -.00000129  00000-0 -41063-4 0   931
2 27640  98.7551  37.4885 0013556 224.1873 135.8223 14.18566711520852
CHIPSAT                 
1 27643U 03002B   13027.70134315  .00000943  00000-0  76399-4 0  2889
2 27643  94.0230 269.8510 0013724  59.3730 300.8890 15.00280258548676
SORCE                   
1 27651U 03004A   13026.87518222  .00000422  00000-0  64641-4 0   113
2 27651  39.9949 226.4861 0024690 175.5177 184.5844 14.84229080542237
GALEX                   
1 27783U 03017A   13026.76988249  .00000429  00000-0  65429-4 0  6995
2 27783  28.9997 144.8851 0003911 100.4585 259.6435 14.60568597520801
MOST                    
1 27843U 03031D   13026.88843091 -.00000026  00000-0  82808-5 0  5686
2 27843  98.7187  36.7954 0008889 313.9884 109.0833 14.20277595496497
QUAKESAT                
1 27845U 03031F   13027.51955942  .00000176  00000-0  10178-3 0  6122
2 27845  98.7130  38.6041 0007965 320.4027 194.5726 14.20912094496615
AAU CUBESAT             
1 27846U 03031G   13026.72532736  .00000134  00000-0  81479-4 0  4795
2 27846  98.6924  38.0993 0008454 277.4543  82.5636 14.21390655496760
SCISAT 1                
1 27858U 03036A   13026.78172426  .00000126  00000-0  23588-4 0  8506
2 27858  73.9346 106.8085 0008935 223.8353 136.2110 14.75574748509283
STSAT-1                 
1 27945U 03042G   13027.13591723  .00000122  00000-0  32019-4 0  7813
2 27945  97.7960 222.7451 0011396 287.9944  72.0022 14.63633097498616
GP-B                    
1 28230U 04014A   13027.40354915  .00000276  00000-0  37076-4 0  6458
2 28230  89.9093 146.3200 0003378  88.2569 271.9038 14.76827887472540
DEMETER                 
1 28368U 04025C   13027.75988448  .00000355  00000-0  64413-4 0  6727
2 28368  97.8330  77.7113 0001852  63.2586 296.8803 14.71828599459830
DOUBLESTAR TC-2         
1 28382U 04029A   13027.76467807  .00000080  00000-0  87967-3 0  1884
2 28382  88.5327 321.7157 7260268  47.7907 354.1557  2.15605138 65887
SWIFT                   
1 28485U 04047A   13026.63832108  .00001715  00000-0  11327-3 0  3585
2 28485  20.5572 121.8279 0013400 256.4436 103.4529 14.95779048447191
SUZAKU (ASTRO-EII)      
1 28773U 05025A   13026.82933126  .00001842  00000-0  12209-3 0  9425
2 28773  31.3832 173.1282 0006353 219.7719 261.5798 15.04799946414782
AKARI (ASTRO-F)         
1 28939U 06005A   13027.72775372  .00004387  00000-0  23939-3 0   997
2 28939  98.2559  73.0794 0171742 245.1037 113.2315 15.03184165370364
FORMOSAT-3 FM6          
1 29047U 06011A   13027.60357022  .00000157  00000-0  79392-4 0   132
2 29047  71.9757 212.9581 0050508  31.2451 329.1709 14.27597239356129
FORMOSAT-3 FM1          
1 29048U 06011B   13026.77510855  .00000393  00000-0  17471-3 0   923
2 29048  71.9709 128.5686 0045159 344.0175  15.9531 14.27600892358483
FORMOSAT-3 FM5          
1 29049U 06011C   13027.90242986  .00000365  00000-0  16364-3 0   320
2 29049  72.0222 282.7112 0033911  33.8165 326.5098 14.27616392354429
FORMOSAT-3 FM3          
1 29050U 06011D   13026.88662319  .00001139  00000-0  26646-3 0  3589
2 29050  72.0171 340.8971 0053788 183.9271 176.1432 14.55660077363142
FORMOSAT-3 FM4          
1 29051U 06011E   13027.86594461  .00000376  00000-0  16522-3 0   874
2 29051  72.0049 189.5617 0070479 267.0455  92.2611 14.27618834357004
FORMOSAT-3 FM2          
1 29052U 06011F   13027.11991080  .00000364  00000-0  16273-3 0  1074
2 29052  72.0349 257.3040 0040451   1.2570 358.8644 14.27671442355206
CLOUDSAT                
1 29107U 06016A   13027.02910180 -.00004154  00000-0 -91303-3 0  1645
2 29107  98.2211 333.0207 0001335  82.1225 277.9952 14.57084829359123
CALIPSO                 
1 29108U 06016B   13027.09658684  .00000443  00000-0  10846-3 0  1953
2 29108  98.2207 332.6277 0000990  90.3497 269.7840 14.57079705359064
HINODE (SOLAR-B)        
1 29479U 06041A   13027.90687295  .00000223  00000-0  52578-4 0    13
2 29479  98.1093  29.3644 0016913 210.8567 149.1644 14.63104132339098
SJ-6C                   
1 29505U 06046A   13027.73968961  .00000315  00000-0  36692-4 0  9943
2 29505  97.7356  24.8386 0003911  32.2633 327.8838 14.91844402340861
SJ-6D                   
1 29506U 06046B   13027.81973566  .00000904  00000-0  96933-4 0  9678
2 29506  97.7461  23.5596 0003525  77.5227 282.6386 14.91043342340714
COROT                   
1 29678U 06063A   13027.53713155  .00000137  00000-0  88317-4 0   128
2 29678  90.0148  10.6077 0004077 356.4656 153.2837 13.98317456310606
AGILE                   
1 31135U 07013A   13027.09723206  .00003277  00000-0  11996-3 0  7633
2 31135   2.4651 219.4139 0018672 157.3887 202.7040 15.14909048319015
AIM                     
1 31304U 07015A   13027.88378965  .00002565  00000-0  22621-3 0  9445
2 31304  97.8460 142.9966 0010915 147.8067 212.3822 14.97290302313951
FGRST (GLAST)           
1 33053U 08029A   13027.19190247  .00001107  00000-0  53849-4 0  2534
2 33053  25.5838  78.1417 0013352 157.3442 242.3332 15.06769601255030
KORONAS-FOTON           
1 33504U 09003A   13027.48486450  .00001344  00000-0  84828-4 0  3775
2 33504  82.4771  16.5597 0016417 236.1940 270.5007 15.08184712219441
TATIANA 2               
1 35868U 09049D   13027.76159582  .00000048  00000-0  41068-4 0  1726
2 35868  98.6223  84.0522 0005049 104.0466 256.1268 14.22331216174559
UGATUSAT                
1 35869U 09049E   13027.75552118  .00000017  00000-0  27044-4 0  1351
2 35869  98.6186  83.4486 0005172 114.3738 245.7981 14.22110716174537
SUMBANDILA (SO-67)      
1 35870U 09049F   13027.88908742  .00002901  00000-0  11622-3 0  7382
2 35870  97.2085  61.6747 0003720  90.6306  34.0034 15.25795419186853
WISE                    
1 36119U 09071A   13027.09432680  .00001370  00000-0  73472-4 0  9046
2 36119  97.5203  35.5573 0003218 143.7440 216.4011 15.16639480172416
SDO                     
1 36395U 10005A   13027.37332347 -.00000054  00000-0  10000-3 0  6628
2 36395  27.8303 169.8652 0000844 249.9337  99.5975  1.00270507 11032
CRYOSAT 2               
1 36508U 10013A   13027.13679562  .00000003  00000-0  00000+0 0  8596
2 36508  92.0142 174.7239 0011323  42.8527 317.3545 14.52179378148685
PICARD                  
1 36598U 10028A   13027.73645848  .00000134  00000-0  46178-4 0  8683
2 36598  98.2904 214.8125 0001835 174.9911 185.1300 14.49723333138657
SPEKTR-R                
1 37755U 11037A   13016.81875000 -.00002671  00000-0  10000-3 0   429
2 37755  79.9164 293.3241 6676166 355.3774  22.7740  0.11855285   659
GCOM-W1 (SHIZUKU)       
1 38337U 12025A   13026.88647295  .00000262  00000-0  68240-4 0  3218
2 38337  98.2205 329.1198 0000577 100.5859 259.5420 14.57096471 37036
NUSTAR                  
1 38358U 12031A   13024.61518463  .00001648  00000-0  11838-3 0  1320
2 38358   6.0265  36.0401 0014160 302.9132  56.9675 14.82411845 33433
