ISS (ZARYA)             
1 25544U 98067A   13027.74490891  .00010566  00000-0  17843-3 0   990
2 25544  51.6488  85.9889 0013266 204.9159 255.1575 15.52139554812897
TIANGONG 1              
1 37820U 11053A   13027.75535515  .00034812  00000-0  24721-3 0  5273
2 37820  42.7806 131.5661 0002090   0.0483 132.8594 15.73232403 76531
RAIKO                   
1 38852U 98067CN  13027.57359057  .00032989  00000-0  40870-3 0  1243
2 38852  51.6501  83.5423 0013718 194.6447 165.4158 15.59644470 17829
FITSAT-1 (NIWAKA)       
1 38853U 98067CP  13027.57840139  .00040957  00000-0  47412-3 0  1221
2 38853  51.6521  82.8328 0011126 210.7490 149.2884 15.61351210 17889
TECHEDSAT               
1 38854U 98067CQ  13027.50881220  .00066229  00000-0  64488-3 0  1357
2 38854  51.6446  81.6080 0007746 214.3555 145.6941 15.65593816 17892
F-1                     
1 38855U 98067CR  13027.52436856  .00063203  00000-0  62760-3 0  1395
2 38855  51.6442  81.7096 0009510 215.7265 144.3199 15.65102708 17786
WE-WISH                 
1 38856U 98067CS  13026.53597514  .00159182  00000-0  99546-3 0  1579
2 38856  51.6399  83.3258 0003955 209.6370 150.4425 15.75822449 17672
