COSMOS 2482             
1 39057U 13001A   13027.64695259  .00000010  00000-0  00000+0 0   393
2 39057  82.4937  21.2888 0016469 257.3198 102.6041 12.44045191  1498
COSMOS 2483             
1 39058U 13001B   13027.64810556  .00000010  00000-0  00000+0 0   393
2 39058  82.4967  21.2987 0015031 255.7123 104.2289 12.43924637  1476
COSMOS 2484             
1 39059U 13001C   13027.73318532  .00000010  00000-0  00000+0 0   391
2 39059  82.4962  21.2494 0014694 266.9684  92.9715 12.43441728  1488
BREEZE-KM R/B           
1 39060U 13001D   13027.66140451  .00000010  00000-0  00000+0 0   387
2 39060  82.4888  21.3283 0011476 280.5780  79.4007 12.42534863  1473
2013-002A               
1 39061U 13002A   13027.89800493  .00004299  00000-0  21083-3 0    81
2 39061  97.5042 150.1810 0003540 296.0898  64.0485 15.18139234    91
2013-002B               
1 39062U 13002B   13027.89890617 -.00000014  00000-0  00000+0 0    72
2 39062  97.5013 150.1783 0007730 227.0077 133.1026 15.16135334    80
2013-002C               
1 39063U 13002C   13027.89299395  .00073321  00000-0  23578-2 0    77
2 39063  97.4501 150.1638 0067310 143.2110 217.4304 15.30004507   143
2013-002D               
1 39064U 13002D   13027.89831697 -.00000025  00000-0  00000+0 0    46
2 39064  97.5053 150.1794 0000943 270.8679  89.2968 15.17461609   120
2013-02E                
1 39065U 13002E   13027.89814604  .00012334  00000-0  60996-3 0    34
2 39065  97.5105 150.1823 0001441 272.4310  87.7273 15.17851159   121
2012-02F                
1 39066U 13002F   13027.89817953  .00038075  00000-0  18863-2 0    41
2 39066  97.4999 150.1779 0001545 268.1563  92.0009 15.17789470   121
