LANDSAT 5               
1 14780U 84021A   11241.69557504  .00000062  00000-0  23714-4 0  1873
2 14780  98.1861 307.8071 0003727 110.4975 249.6631 14.57122036462393
SPOT 2                  
1 20436U 90005A   11241.90168962  .00000187  00000-0  41913-4 0  5937
2 20436  98.6442 356.2326 0154304 339.6477  19.8612 14.62306140122989
ERS-2                   
1 23560U 95021A   11241.78914978  .00120682  00000-0  94224-2 0  7074
2 23560  98.5142 318.7876 0004626 156.2150 203.8873 15.00504971855477
RADARSAT-1              
1 23710U 95059A   11241.82076389  .00000214  00000-0  10000-3 0  7510
2 23710  98.5811 247.2950 0001113  87.4870 251.5009 14.29977906825658
TOMS EP                 
1 23940U 96037A   11241.00249781  .00000246  00000-0  70311-4 0  7281
2 23940  97.9339  83.8853 0030243  30.2122 330.0840 14.52507531805955
MIDORI (ADEOS)          
1 24277U 96046A   11241.42172131  .00000016  00000-0  23446-4 0  7344
2 24277  98.4718 188.3462 0002138  68.1246 292.0162 14.28672627783616
ORBVIEW 2 (SEASTAR)     
1 24883U 97037A   11240.90601580  .00000034  00000-0  28288-4 0  5128
2 24883  98.3865   3.4447 0001375 267.9610  92.1395 14.32279886748418
IRS-1D                  
1 24971U 97057A   11241.82144706  .00000070  00000-0  39670-4 0  8144
2 24971  98.1871 245.8196 0055129  56.1851 304.4563 14.33071471727925
TRMM                    
1 25063U 97074A   11240.88088116  .00010372  00000-0  14610-3 0  7504
2 25063  34.9647  69.1535 0000538 289.7457  66.5488 15.55765917785208
SPOT 4                  
1 25260U 98017A   11241.79556178  .00000027  00000-0  32548-4 0  6405
2 25260  98.6059 306.9284 0001732  85.8148 274.3227 14.20081790696384
FASAT B                 
1 25395U 98043B   11241.87004879  .00000130  00000-0  73530-4 0  1235
2 25395  98.3044 239.6723 0003432  24.6360 335.4985 14.24453194682852
TECHSAT 1B (GO-32)      
1 25397U 98043D   11241.02795488 -.00000108  00000-0 -29552-4 0  5659
2 25397  98.3330 229.7147 0002129  78.7434 281.4006 14.23216033682320
LANDSAT 7               
1 25682U 99020A   11241.80180403  .00000049  00000-0  20937-4 0  3022
2 25682  98.1985 309.0720 0001222  37.2912 322.8361 14.57116151658104
KITSAT 3                
1 25756U 99029A   11241.68049499  .00000156  00000-0  49657-4 0  5962
2 25756  98.5859 107.6152 0013241 245.8952 114.0858 14.52664625649804
DLR-TUBSAT              
1 25757U 99029B   11241.71555156  .00000003  00000-0  12797-4 0  2894
2 25757  98.6307  99.2936 0013547 284.4118  75.5582 14.50904153649224
IRS-P4 (OCEANSAT 1)     
1 25758U 99029C   11241.84793248  .00000054  00000-0  24842-4 0  8385
2 25758  98.2653 333.3061 0001247 354.0162   6.1015 14.50935561649399
QUIKSCAT                
1 25789U 99034A   11240.90004120  .00000017  00000-0  25030-4 0   915
2 25789  98.6264  69.1596 0001388  76.9004 283.2331 14.26847875634928
IKONOS 2                
1 25919U 99051A   11241.78688554  .00000112  00000-0  30162-4 0  7897
2 25919  98.1167 315.2811 0001740  91.4329 268.7068 14.64442109637672
CBERS 1 (ZY 1A)         
1 25940U 99057A   11241.53496612  .00000061  00000-0  36005-4 0  9631
2 25940  98.2219 214.6427 0004819 187.7474 172.3638 14.34567771621980
TERRA                   
1 25994U 99068A   11241.74959323  .00000082  00000-0  28279-4 0  2122
2 25994  98.2019 314.9963 0001616  92.0258 268.1110 14.57122010622175
ARIRANG 1 (KOMPSAT-1)   
1 26032U 99070A   11241.78701518  .00000308  00000-0  64517-4 0  2388
2 26032  97.8102  98.5069 0004588 189.4586 170.6549 14.65930171625209
EO-1                    
1 26619U 00075A   11241.78398395 -.00001271  00000-0 -24246-3 0  5683
2 26619  98.1183 307.3170 0009061 313.9663  46.0749 14.62294625573695
SAC-C                   
1 26620U 00075B   11240.95440365  .00000131  00000-0  38715-4 0  3898
2 26620  97.8742 240.4106 0001248  64.7789 295.3544 14.56603470572538
EROS A1                 
1 26631U 00079A   11241.83522895  .00002427  00000-0  15948-3 0  3680
2 26631  97.6438 307.9208 0008814 122.3969  12.4453 15.08534846596327
QUICKBIRD 2             
1 26953U 01047A   11241.83814380  .00003926  00000-0  13620-3 0  6993
2 26953  97.2620 307.2739 0001884 113.6760 357.4121 15.30376232554132
TES                     
1 26957U 01049A   11241.84809571 -.00000129  00000-0 -52289-5 0  6525
2 26957  97.6079 316.2870 0038475 353.3088   6.7595 15.00940693539751
JASON 1                 
1 26997U 01055A   11241.38314214 -.00000038  00000-0  10000-3 0  3887
2 26997  66.0424 202.3268 0007515 262.1694  97.8457 12.80928936454919
METEOR-3M               
1 27001U 01056A   11240.95563602 -.00000020  00000-0  25031-4 0  9422
2 27001  99.1949  70.9871 0014152 105.8223 254.4489 13.68725259485336
BADR-B                  
1 27003U 01056C   11240.94604603 -.00000032  00000-0  10615-4 0  8862
2 27003  99.1635  77.5709 0020831 103.2962 257.0510 13.70118621485882
MAROC-TUBSAT            
1 27004U 01056D   11241.18779698  .00000024  00000-0  74373-4 0  7531
2 27004  99.1640  76.9299 0020427 103.6416 256.7008 13.70042551485881
ENVISAT                 
1 27386U 02009A   11241.83556288  .00000095  00000-0  46485-4 0  4890
2 27386  98.5000 309.1262 0001253  88.3956 271.7354 14.37484219496699
SPOT 5                  
1 27421U 02021A   11241.79840391  .00000169  00000-0  10000-3 0  5559
2 27421  98.6894 314.0966 0000842 101.7021  46.8020 14.20048748483213
AQUA                    
1 27424U 02022A   11240.94484322  .00000272  00000-0  70441-4 0   485
2 27424  98.1982 180.5518 0001270  85.7386 274.3986 14.57128669495661
HAIYANG-1A              
1 27430U 02024A   11241.86993458  .00000071  00000-0  43686-4 0  7273
2 27430  98.3733 292.1246 0008220 224.0635 135.9889 14.29874824484919
ALSAT 1                 
1 27559U 02054A   11241.78495967  .00000250  00000-0  49940-4 0  8775
2 27559  97.8277  99.0182 0022330 313.8557  46.0824 14.69579917467730
MIDORI II (ADEOS-II)    
1 27597U 02056A   11241.20651986  .00000043  00000-0  34974-4 0  5218
2 27597  98.3698 284.9265 0001823  75.7187 284.4195 14.26295925453257
IRS-P6 (RESOURCESAT-1)  
1 28051U 03046A   11241.81593863 -.00000040  00000-0  15959-5 0  1352
2 28051  98.6346 313.9835 0001920   5.6554 129.3533 14.21671713408295
CBERS 2 (ZY 1B)         
1 28057U 03049A   11241.84773249  .00000056  00000-0  34122-4 0  5837
2 28057  98.1833 266.5339 0002806  96.9743 263.1750 14.35003172411651
TANSUO 1                
1 28220U 04012A   11241.07463636  .00000680  00000-0  76863-4 0  9500
2 28220  97.4488 242.6129 0013065  45.8608 314.3680 14.89399728399880
FORMOSAT-2 (ROCSAT 2)   
1 28254U 04018A   11241.79372659  .00000105  00000-0  10000-3 0  2006
2 28254  99.0132 304.8923 0001514 155.8192 339.1270 14.00771930372029
AURA                    
1 28376U 04026A   11241.43107760  .00000316  00000-0  80188-4 0  2043
2 28376  98.1991 183.1483 0001245  86.0585 274.0757 14.57125285378782
PARASOL                 
1 28498U 04049G   11240.92581819  .00000273  00000-0  68904-4 0   959
2 28498  98.3657 194.3143 0001319  76.7713 283.3642 14.58573611356060
IRS-P5 (CARTOSAT-1)     
1 28649U 05017A   11241.86081814  .00000354  00000-0  50378-4 0  1099
2 28649  97.8732 314.3568 0001536  77.3881 282.7504 14.82655452341947
TOPSAT                  
1 28891U 05043B   11241.75566585  .00000151  00000-0  40780-4 0  5161
2 28891  97.9406 113.2730 0016928 354.2582   5.8445 14.59926780311100
SINAH 1                 
1 28893U 05043D   11241.22540047  .00000080  00000-0  25865-4 0  1580
2 28893  97.9509 114.5516 0015600 354.4945   5.6082 14.60202331311097
ALOS (DAICHI)           
1 28931U 06002A   11241.74838868  .00000281  00000-0  68897-4 0  2516
2 28931  98.1124 312.8855 0002185 113.9166 246.2248 14.59449129298112
EROS B                  
1 29079U 06014A   11241.85550108  .00005423  00000-0  25801-3 0    72
2 29079  97.4480 359.0939 0010868 115.8114  30.3091 15.19536014296494
RSS-1 (YAOGAN 1)        
1 29092U 06015A   11241.56459649  .00000319  00000-0  48466-4 0  8658
2 29092  97.9025 230.3139 0001154  92.4920 267.6423 14.80494491288624
RESURS-DK 1             
1 29228U 06021A   11241.86214934  .00000117  00000-0  17463-4 0  8418
2 29228  69.9346  75.4277 0005858 323.3703  36.7058 14.98969216290297
ARIRANG 2 (KOMPSAT-2)   
1 29268U 06031A   11241.77370534  .00000202  00000-0  50580-4 0  6579
2 29268  98.2934 127.6245 0015615 168.7966 191.3605 14.61434721271471
LAPAN-TUBSAT            
1 29709U 07001A   11241.82922556  .00000130  00000-0  23485-4 0  1502
2 29709  97.7009 280.5178 0013066 179.6675 180.4540 14.80427947250374
CARTOSAT-2 (IRS-P7)     
1 29710U 07001B   11241.76587057  .00000260  00000-0  42338-4 0  1254
2 29710  97.9053 300.8314 0001122 130.9791 229.1480 14.78681133250138
HAIYANG-1B              
1 31113U 07010A   11241.83639483  .00000042  00000-0  32977-4 0  8740
2 31113  98.4537 306.0606 0013055 216.3104 143.7178 14.29561336228754
COSMO-SKYMED 1          
1 31598U 07023A   11241.76807941  .00000477  00000-0  66372-4 0  7005
2 31598  97.8670  66.7860 0001426  85.3622 274.7742 14.82162781228653
TERRASAR-X              
1 31698U 07026A   11241.77782407  .00002177  00000-0  10684-3 0  8924
2 31698  97.4456 247.7141 0001347  98.9024 262.5895 15.19146619233274
WORLDVIEW-1 (WV-1)      
1 32060U 07041A   11241.83645071  .00002895  00000-0  12093-3 0  3992
2 32060  97.3615 318.9267 0001090 117.3268  15.1753 15.24422875219529
CBERS 2B                
1 32062U 07042A   11241.77870188  .00000059  00000-0  32981-4 0   566
2 32062  98.4146 315.4612 0033291  75.0736 285.4134 14.38662734206947
YAOGAN 3                
1 32289U 07055A   11241.80569529  .00000167  00000-0  28597-4 0  2132
2 32289  97.8577 232.4225 0001828  81.3835 278.7594 14.80421181205195
COSMO-SKYMED 2          
1 32376U 07059A   11241.73433369 -.00000067  00000-0 -19018-5 0  1103
2 32376  97.8670  66.7550 0001355  87.7366 272.4007 14.82159417201399
RADARSAT-2              
1 32382U 07061A   11241.81166789 -.00000005  00000-0  15155-4 0   984
2 32382  98.5790 248.0269 0001181  90.2614  11.2760 14.29981535193548
CARTOSAT-2A             
1 32783U 08021A   11241.78078609 -.00000019  00000-0  45963-5 0  6954
2 32783  97.9514 300.8749 0014673 335.8822  24.1674 14.78654933180084
IMS-1                   
1 32786U 08021D   11241.86259099  .00000459  00000-0  67214-4 0  1729
2 32786  97.8463 301.7977 0011643 306.8125  53.2008 14.80112937180260
JASON 2 (OSTM)          
1 33105U 08032A   11241.10670126 -.00000050  00000-0  46041-4 0   533
2 33105  66.0386 203.1767 0008011 266.2458  93.7625 12.80931639149189
RAPIDEYE 2              
1 33312U 08040A   11241.90009568  .00000199  00000-0  33265-4 0  3637
2 33312  97.9345 329.3195 0012698  34.1672 326.0348 14.79925582162076
RAPIDEYE 5              
1 33313U 08040B   11241.85832773  .00000149  00000-0  26758-4 0  3492
2 33313  97.9320 328.5481 0017084 256.7790 103.1500 14.79921717162010
RAPIDEYE 1              
1 33314U 08040C   11241.84639297  .00000192  00000-0  32280-4 0  3987
2 33314  97.9339 329.3303 0025488  42.4554 317.8607 14.79923755162058
RAPIDEYE 3              
1 33315U 08040D   11241.88482163  .00000190  00000-0  32123-4 0  3311
2 33315  97.9310 328.5783 0011693 340.0541  20.0205 14.79923595162023
RAPIDEYE 4              
1 33316U 08040E   11241.87090783  .00000171  00000-0  29636-4 0  3240
2 33316  97.9300 328.4089 0011162 278.6554  81.3385 14.79923050162016
HJ-1A                   
1 33320U 08041A   11241.76517517  .00000271  00000-0  46953-4 0  2929
2 33320  97.9015 312.7434 0025096  19.2336 340.9817 14.75578959160373
HJ-1B                   
1 33321U 08041B   11241.79858109  .00000036  00000-0  12683-4 0  3415
2 33321  97.9041 312.9430 0043532  30.1967 330.1743 14.75587268160369
GEOEYE 1                
1 33331U 08042A   11241.75163548  .00000072  00000-0  22518-4 0  3068
2 33331  98.1135 314.0789 0011760  73.0629 287.1838 14.64441164159081
THEOS                   
1 33396U 08049A   11241.83898495  .00000169  00000-0  10000-3 0   898
2 33396  98.7369 308.0900 0001275  88.5057  21.6054 14.20014664150839
COSMO-SKYMED 3          
1 33412U 08054A   11241.78919677 -.00000114  00000-0 -78028-5 0  1397
2 33412  97.8675  66.8084 0001471  85.2825 274.8556 14.82164175153861
YAOGAN 4                
1 33446U 08061A   11241.78251153  .00000075  00000-0  18733-4 0   490
2 33446  97.8288 310.5591 0016904 327.4214  32.5903 14.74308866147664
YAOGAN 5                
1 33456U 08064A   11241.83764262  .00004514  00000-0  15838-3 0   472
2 33456  97.2933 312.8360 0012654  68.6383  67.6125 15.29860914150672
YAOGAN 6                
1 34839U 09021A   11241.83373523  .00002861  00000-0  13490-3 0  6514
2 34839  97.5613 324.4030 0002521 136.3988   3.4944 15.20314656130487
RAZAKSAT                
1 35578U 09037A   11241.82936492  .00000804  00000-0  46498-4 0  3552
2 35578   8.9879  66.0747 0016680 230.1706 129.7017 14.65117826114072
DEIMOS-1                
1 35681U 09041A   11241.80892610  .00000135  00000-0  31009-4 0  3136
2 35681  98.0555 139.9681 0000908  92.7806 267.3529 14.69479787111798
OCEANSAT 2              
1 35931U 09051A   11241.27634108  .00006034  00000-0  15388-2 0  3428
2 35931  98.2824 336.5635 0002223 209.9645 150.0954 14.50899758102228
WORLDVIEW-2             
1 35946U 09055A   11241.79248405 -.00000027  00000-0  55246-5 0  1027
2 35946  98.5091 319.6451 0000335   9.2230 350.8950 14.37510712 99129
SMOS                    
1 36036U 09059A   11241.28332637 -.00000044  00000-0  00000+0 0  5606
2 36036  98.4424  67.1533 0000872  69.5134 290.6139 14.39749120 95724
YAOGAN 7                
1 36110U 09069A   11241.84333767 -.00000035  00000-0  24032-5 0  9103
2 36110  97.9242  15.6996 0027925  64.8091 295.6009 14.74280552 92667
TANDEM-X                
1 36605U 10030A   11241.79664039  .00002189  00000-0  10740-3 0  5235
2 36605  97.4455 247.7309 0001680  93.8490  10.4819 15.19146263 66009
YAOGAN 10               
1 36834U 10038A   11241.84191532  .00000713  00000-0  10000-3 0  1704
2 36834  97.8290 243.7518 0001975  80.0852 280.0560 14.80416280 56956
COSMO-SKYMED 4          
1 37216U 10060A   11241.81873601  .00000139  00000-0  24038-4 0  9319
2 37216  97.8682  66.8376 0001385  77.7970 282.3401 14.82165699 43953
SAC-D                   
1 37673U 11024A   11241.84318266 -.00000049  00000-0  00000+0 0   759
2 37673  98.0140 247.6917 0000976  90.9004 269.2317 14.72281983 11805
