MACSAT 2 (M 2)          
1 20608U 90043B   13027.21260944  .00000358  00000-0  49877-4 0  8638
2 20608  89.7458  39.4227 0090261 277.4862 140.4545 14.73034374217571
TUBSAT A                
1 21577U 91050D   13027.86616002  .00000158  00000-0  66162-4 0  5747
2 21577  98.6425 351.0927 0007106  71.4304 288.7655 14.38837810130095
S80/T                   
1 22078U 92052C   13027.18869670 -.00000037  00000-0  10000-3 0  2735
2 22078  66.0859  74.2204 0007910 344.6508  15.4255 12.86753531961572
HEALTHSAT 1             
1 22827U 93061E   13026.89879578  .00000129  00000-0  66279-4 0  3320
2 22827  98.5995 335.1368 0007932 311.6454  80.7428 14.30536119  8877
TUBSAT B                
1 22970U 94003B   13027.21925580 -.00000408  00000-0 -10935-2 0   884
2 22970  82.5643 297.9923 0016171 183.8228 287.5291 13.16934892913721
CERISE                  
1 23606U 95033B   13027.83751497  .00000870  00000-0  10153-3 0  9824
2 23606  98.3551 228.8514 0006910 141.4439 218.7270 14.87960420947976
UPM/LBSAT               
1 23607U 95033C   13027.36874057  .00000502  00000-0  80921-4 0  1950
2 23607  98.2145 149.4071 0006237   7.3700 352.7662 14.75864143943673
FAISAT 2V               
1 24954U 97052B   13027.16709882  .00000016  00000-0  10176-6 0  6895
2 24954  82.9207  47.0414 0039849  22.6864  48.1754 13.79764999772688
MUBLCOM                 
1 25736U 99026B   13027.10603541  .00000351  00000-0  10953-3 0  8250
2 25736  97.6719 221.8629 0004380 315.5402  44.5440 14.45835240721400
RUBIN-3 & SL-8 R/B      
1 27561U 02054C   13027.83387817  .00000231  00000-0  63839-4 0  8066
2 27561  98.0264 180.7613 0048283  97.1539 263.5169 14.54339484539416
APRIZESAT 2             
1 28366U 04025A   13027.75263055  .00000043  00000-0  27534-4 0  3976
2 28366  98.2526 335.9091 0109124 162.4594 198.0409 14.35937755449712
SAUDICOMSAT 1           
1 28369U 04025D   13027.85785949  .00000064  00000-0  26841-4 0  4571
2 28369  97.9790  18.9055 0032890 289.8995  69.8646 14.51170463454443
SAUDICOMSAT 2           
1 28370U 04025E   13026.90573159  .00000162  00000-0  55982-4 0  4528
2 28370  98.0832   1.9754 0058798   4.7863 355.3871 14.46250255452774
APRIZESAT 1             
1 28372U 04025G   13027.12927418  .00000300  00000-0  90041-4 0  4424
2 28372  98.0320   9.1700 0046455 328.2272  31.6128 14.48607358453552
NANOSAT-1               
1 28493U 04049B   13027.48369990  .00000375  00000-0  69032-4 0  4628
2 28493  98.3833  40.6953 0005416  50.2128 309.9578 14.71431222435227
SAUDICOMSAT 7           
1 31119U 07012C   13027.01638407  .00000393  00000-0  88724-4 0  7601
2 31119  97.8298  48.9899 0062792  72.1824 288.6205 14.60104114308034
SAUDICOMSAT 6           
1 31121U 07012E   13027.02051727  .00000373  00000-0  89075-4 0  7584
2 31121  97.8497  39.0867 0079576 103.8299 257.1767 14.56945621307382
SAUDICOMSAT 5           
1 31124U 07012H   13026.98054973  .00000408  00000-0  89121-4 0  7667
2 31124  97.8266  54.6645 0054147  56.7351 303.9012 14.61725538308369
SAUDICOMSAT 3           
1 31125U 07012J   13027.07401107  .00000419  00000-0  88749-4 0  7818
2 31125  97.8244  60.2799 0045615  41.7991 318.6675 14.63305543308701
SAUDICOMSAT 4           
1 31127U 07012L   13027.10097522  .00000388  00000-0  89803-4 0  7644
2 31127  97.8395  44.3871 0070934  86.9859 273.9448 14.58620210307738
APRIZESAT 4             
1 35684U 09041D   13027.21239885  .00000515  00000-0  79470-4 0  1007
2 35684  98.0597 303.8469 0048636 215.7528 144.0408 14.76966157188488
APRIZESAT 3             
1 35686U 09041F   13027.52719462  .00000471  00000-0  60778-4 0  1177
2 35686  98.1017 319.6109 0077611 178.3937 181.7540 14.83889428189374
AISSAT 1                
1 36797U 10035C   13027.80732881  .00000624  00000-0  85354-4 0  7585
2 36797  98.0433 111.5933 0012423 164.7269 195.4318 14.82028371137751
