174.918449 1.831844  850800.808710
174.904385 1.830307  850800.810376
174.890323 1.828769  850800.812043
174.876263 1.827229  850800.813710
174.862204 1.825688  850800.815376
174.848147 1.824146  850800.817043
174.834091 1.822603  850800.818710
174.820038 1.821058  850800.820376
174.805985 1.819513  850800.822043
174.791935 1.817965  850800.823710
174.777886 1.816417  850800.825376
174.763838 1.814868  850800.827043
174.749793 1.813317  850800.828710
174.735749 1.811765  850800.830376
174.721706 1.810212  850800.832043
174.707665 1.808657  850800.833710
174.693626 1.807102  850800.835376
174.679588 1.805545  850800.837043
174.665552 1.803986  850800.838710
174.651518 1.802427  850800.840376
174.637485 1.800866  850800.842043
174.623454 1.799304  850800.843710
174.609425 1.797741  850800.845376
174.595397 1.796177  850800.847043
174.581371 1.794611  850800.848710
174.567346 1.793045  850800.850376
174.553323 1.791476  850800.852043
174.539302 1.789907  850800.853710
174.525283 1.788337  850800.855376
174.511265 1.786765  850800.857043
174.497248 1.785192  850800.858710
174.483234 1.783618  850800.860376
174.469221 1.782042  850800.862043
174.455210 1.780466  850800.863710
174.441200 1.778888  850800.865376
174.427192 1.777309  850800.867043
174.413185 1.775728  850800.868710
174.399181 1.774147  850800.870376
174.385178 1.772564  850800.872043
174.371176 1.770980  850800.873710
174.357177 1.769394  850800.875376
174.343179 1.767808  850800.877043
174.329182 1.766220  850800.878710
174.315187 1.764631  850800.880376
174.301195 1.763041  850800.882043
174.287203 1.761450  850800.883710
174.273213 1.759857  850800.885376
174.259225 1.758263  850800.887043
174.245239 1.756668  850800.888710
174.231254 1.755072  850800.890376
174.217271 1.753474  850800.892043
174.203289 1.751876  850800.893710
174.189310 1.750276  850800.895376
174.175332 1.748675  850800.897043
174.161355 1.747072  850800.898710
174.147380 1.745469  850800.900376
174.133408 1.743864  850800.902043
174.119436 1.742258  850800.903710
174.105466 1.740651  850800.905376
174.091498 1.739042  850800.907043
174.077532 1.737432  850800.908710
174.063567 1.735822  850800.910376
174.049604 1.734209  850800.912043
174.035643 1.732596  850800.913710
174.021684 1.730982  850800.915376
174.007725 1.729366  850800.917043
173.993769 1.727749  850800.918710
173.979815 1.726131  850800.920376
173.965862 1.724511  850800.922043
173.951911 1.722891  850800.923710
173.937961 1.721269  850800.925376
173.924013 1.719646  850800.927043
173.910067 1.718022  850800.928710
173.896123 1.716396  850800.930376
173.882180 1.714769  850800.932043
173.868240 1.713142  850800.933710
173.854300 1.711513  850800.935376
173.840363 1.709882  850800.937043
173.826427 1.708251  850800.938710
173.812493 1.706618  850800.940376
173.798560 1.704984  850800.942043
173.784629 1.703349  850800.943710
173.770700 1.701713  850800.945376
173.756773 1.700075  850800.947043
173.742847 1.698436  850800.948710
173.728923 1.696797  850800.950376
173.715001 1.695155  850800.952043
173.701080 1.693513  850800.953710
173.687161 1.691870  850800.955376
173.673244 1.690225  850800.957043
173.659329 1.688579  850800.958710
173.645415 1.686932  850800.960376
173.631503 1.685283  850800.962043
173.617593 1.683634  850800.963710
173.603684 1.681983  850800.965376
173.589777 1.680331  850800.967043
173.575872 1.678678  850800.968710
173.561969 1.677024  850800.970376
173.548067 1.675368  850800.972043
173.534167 1.673711  850800.973710
173.520269 1.672053  850800.975376
173.506372 1.670394  850800.977043
173.492477 1.668734  850800.978710
173.478584 1.667073  850800.980376
173.464693 1.665410  850800.982043
173.450803 1.663746  850800.983710
173.436915 1.662081  850800.985376
173.423029 1.660415  850800.987043
173.409145 1.658747  850800.988710
173.395262 1.657078  850800.990376
173.381381 1.655409  850800.992043
173.367502 1.653737  850800.993710
173.353625 1.652065  850800.995376
173.339749 1.650392  850800.997043
173.325875 1.648717  850800.998710
173.312002 1.647041  850801.000376
173.298132 1.645364  850801.002043
173.284263 1.643686  850801.003710
173.270396 1.642007  850801.005376
173.256530 1.640326  850801.007043
173.242667 1.638644  850801.008710
173.228805 1.636962  850801.010376
173.214945 1.635277  850801.012043
173.201086 1.633592  850801.013710
173.187230 1.631906  850801.015376
173.173375 1.630218  850801.017043
173.159522 1.628529  850801.018710
173.145671 1.626839  850801.020376
173.131821 1.625148  850801.022043
173.117973 1.623455  850801.023710
173.104127 1.621762  850801.025376
173.090283 1.620067  850801.027043
173.076440 1.618371  850801.028710
173.062599 1.616674  850801.030376
173.048760 1.614976  850801.032043
173.034923 1.613276  850801.033710
173.021087 1.611576  850801.035376
173.007253 1.609874  850801.037043
172.993421 1.608171  850801.038710
172.979591 1.606466  850801.040376
172.965763 1.604761  850801.042043
172.951936 1.603055  850801.043710
172.938111 1.601347  850801.045376
172.924287 1.599638  850801.047043
172.910466 1.597928  850801.048710
172.896646 1.596217  850801.050376
172.882829 1.594504  850801.052043
172.869012 1.592791  850801.053710
172.855198 1.591076  850801.055376
172.841386 1.589360  850801.057043
172.827575 1.587643  850801.058710
172.813766 1.585924  850801.060376
172.799958 1.584205  850801.062043
172.786153 1.582484  850801.063710
172.772349 1.580763  850801.065376
172.758547 1.579040  850801.067043
172.744747 1.577316  850801.068710
172.730949 1.575590  850801.070376
172.717152 1.573864  850801.072043
172.703357 1.572136  850801.073710
172.689564 1.570407  850801.075376
172.675773 1.568677  850801.077043
172.661983 1.566946  850801.078710
172.648196 1.565214  850801.080376
172.634409 1.563480  850801.082043
172.620626 1.561746  850801.083710
172.606843 1.560010  850801.085376
172.593063 1.558273  850801.087043
172.579284 1.556535  850801.088710
172.565507 1.554796  850801.090376
172.551732 1.553055  850801.092043
172.537958 1.551314  850801.093710
172.524187 1.549571  850801.095376
172.510417 1.547827  850801.097043
172.496649 1.546082  850801.098710
172.482883 1.544336  850801.100376
172.469118 1.542588  850801.102043
172.455356 1.540840  850801.103710
172.441595 1.539090  850801.105376
172.427836 1.537339  850801.107043
172.414079 1.535587  850801.108710
172.400323 1.533834  850801.110376
172.386570 1.532080  850801.112043
172.372818 1.530324  850801.113710
172.359068 1.528568  850801.115376
172.345320 1.526810  850801.117043
172.331574 1.525051  850801.118710
172.317829 1.523291  850801.120376
172.304086 1.521530  850801.122043
172.290345 1.519767  850801.123710
172.276606 1.518004  850801.125376
172.262869 1.516239  850801.127043
172.249133 1.514473  850801.128710
172.235400 1.512706  850801.130376
172.221668 1.510938  850801.132043
172.207938 1.509169  850801.133710
172.194210 1.507398  850801.135376
172.180483 1.505627  850801.137043
172.166759 1.503854  850801.138710
172.153036 1.502080  850801.140376
172.139315 1.500305  850801.142043
172.125595 1.498529  850801.143710
172.111878 1.496751  850801.145376
172.098163 1.494973  850801.147043
172.084449 1.493193  850801.148710
172.070737 1.491413  850801.150376
172.057027 1.489631  850801.152043
172.043319 1.487848  850801.153710
172.029613 1.486064  850801.155376
172.015908 1.484278  850801.157043
172.002205 1.482492  850801.158710
171.988504 1.480704  850801.160376
171.974806 1.478915  850801.162043
171.961108 1.477126  850801.163710
171.947413 1.475335  850801.165376
171.933719 1.473542  850801.167043
171.920028 1.471749  850801.168710
171.906338 1.469955  850801.170376
171.892650 1.468159  850801.172043
171.878963 1.466362  850801.173710
171.865279 1.464565  850801.175376
171.851597 1.462766  850801.177043
171.837916 1.460965  850801.178710
171.824237 1.459164  850801.180376
171.810560 1.457362  850801.182043
171.796885 1.455558  850801.183710
171.783212 1.453754  850801.185376
171.769541 1.451948  850801.187043
171.755871 1.450141  850801.188710
171.742203 1.448333  850801.190376
171.728537 1.446524  850801.192043
171.714873 1.444713  850801.193710
171.701211 1.442902  850801.195376
171.687551 1.441089  850801.197043
171.673892 1.439276  850801.198710
171.660236 1.437461  850801.200376
171.646581 1.435645  850801.202043
171.632928 1.433828  850801.203710
171.619277 1.432010  850801.205376
171.605627 1.430190  850801.207043
171.591980 1.428370  850801.208710
171.578335 1.426548  850801.210376
171.564691 1.424726  850801.212043
171.551049 1.422902  850801.213710
171.537409 1.421077  850801.215376
171.523771 1.419251  850801.217043
171.510135 1.417424  850801.218710
171.496501 1.415595  850801.220376
171.482868 1.413766  850801.222043
171.469237 1.411936  850801.223710
171.455608 1.410104  850801.225376
171.441982 1.408271  850801.227043
171.428357 1.406437  850801.228710
171.414734 1.404602  850801.230376
171.401112 1.402766  850801.232043
171.387493 1.400929  850801.233710
171.373875 1.399090  850801.235376
171.360260 1.397251  850801.237043
171.346646 1.395410  850801.238710
171.333034 1.393569  850801.240376
171.319424 1.391726  850801.242043
171.305816 1.389882  850801.243710
171.292210 1.388037  850801.245376
171.278605 1.386190  850801.247043
171.265003 1.384343  850801.248710
171.251402 1.382495  850801.250376
171.237803 1.380645  850801.252043
171.224206 1.378795  850801.253710
171.210611 1.376943  850801.255376
171.197018 1.375090  850801.257043
171.183427 1.373236  850801.258710
171.169838 1.371381  850801.260376
171.156250 1.369525  850801.262043
171.142664 1.367668  850801.263710
171.129081 1.365809  850801.265376
171.115499 1.363950  850801.267043
171.101919 1.362089  850801.268710
171.088341 1.360227  850801.270376
171.074765 1.358365  850801.272043
171.061191 1.356501  850801.273710
171.047618 1.354636  850801.275376
171.034048 1.352769  850801.277043
171.020479 1.350902  850801.278710
171.006913 1.349034  850801.280376
170.993348 1.347164  850801.282043
170.979785 1.345294  850801.283710
170.966224 1.343422  850801.285376
170.952665 1.341550  850801.287043
170.939108 1.339676  850801.288710
170.925552 1.337801  850801.290376
170.911999 1.335925  850801.292043
170.898447 1.334048  850801.293710
170.884898 1.332169  850801.295376
170.871350 1.330290  850801.297043
170.857805 1.328410  850801.298710
170.844261 1.326528  850801.300376
170.830719 1.324645  850801.302043
170.817179 1.322762  850801.303710
170.803641 1.320877  850801.305376
170.790105 1.318991  850801.307043
170.776570 1.317104  850801.308710
170.763038 1.315216  850801.310376
170.749507 1.313327  850801.312043
170.735979 1.311436  850801.313710
170.722452 1.309545  850801.315376
170.708927 1.307653  850801.317043
170.695404 1.305759  850801.318710
170.681883 1.303864  850801.320376
170.668364 1.301969  850801.322043
170.654847 1.300072  850801.323710
170.641332 1.298174  850801.325376
170.627819 1.296275  850801.327043
170.614307 1.294375  850801.328710
170.600798 1.292474  850801.330376
170.587290 1.290571  850801.332043
170.573785 1.288668  850801.333710
170.560281 1.286764  850801.335376
170.546779 1.284858  850801.337043
170.533279 1.282951  850801.338710
170.519782 1.281044  850801.340376
170.506286 1.279135  850801.342043
170.492792 1.277225  850801.343710
170.479299 1.275314  850801.345376
170.465809 1.273402  850801.347043
170.452321 1.271489  850801.348710
170.438835 1.269575  850801.350376
170.425350 1.267660  850801.352043
170.411868 1.265743  850801.353710
170.398387 1.263826  850801.355376
170.384909 1.261907  850801.357043
170.371432 1.259988  850801.358710
170.357957 1.258067  850801.360376
170.344484 1.256145  850801.362043
170.331014 1.254223  850801.363710
170.317545 1.252299  850801.365376
170.304078 1.250374  850801.367043
170.290613 1.248448  850801.368710
170.277149 1.246521  850801.370376
170.263689 1.244592  850801.372043
170.250229 1.242663  850801.373710
170.236772 1.240733  850801.375376
170.223316 1.238801  850801.377043
170.209863 1.236869  850801.378710
170.196412 1.234935  850801.380376
170.182962 1.233001  850801.382043
170.169514 1.231065  850801.383710
170.156069 1.229128  850801.385376
170.142625 1.227190  850801.387043
170.129184 1.225252  850801.388710
170.115744 1.223312  850801.390376
170.102306 1.221371  850801.392043
170.088870 1.219428  850801.393710
170.075436 1.217485  850801.395376
170.062004 1.215541  850801.397043
170.048574 1.213596  850801.398710
170.035146 1.211649  850801.400376
170.021720 1.209702  850801.402043
170.008296 1.207754  850801.403710
169.994874 1.205804  850801.405376
169.981453 1.203853  850801.407043
169.968035 1.201902  850801.408710
169.954618 1.199949  850801.410376
169.941204 1.197995  850801.412043
169.927792 1.196040  850801.413710
169.914381 1.194084  850801.415376
169.900973 1.192127  850801.417043
169.887566 1.190169  850801.418710
169.874162 1.188210  850801.420376
169.860759 1.186250  850801.422043
169.847358 1.184289  850801.423710
169.833960 1.182327  850801.425376
169.820563 1.180363  850801.427043
169.807168 1.178399  850801.428710
169.793776 1.176433  850801.430376
169.780385 1.174467  850801.432043
169.766996 1.172499  850801.433710
169.753609 1.170531  850801.435376
169.740224 1.168561  850801.437043
169.726841 1.166590  850801.438710
169.713460 1.164619  850801.440376
169.700081 1.162646  850801.442043
169.686704 1.160672  850801.443710
169.673329 1.158697  850801.445376
169.659956 1.156721  850801.447043
169.646585 1.154744  850801.448710
169.633216 1.152766  850801.450376
169.619849 1.150787  850801.452043
169.606484 1.148807  850801.453710
169.593120 1.146826  850801.455376
169.579759 1.144843  850801.457043
169.566400 1.142860  850801.458710
169.553043 1.140876  850801.460376
169.539687 1.138890  850801.462043
169.526334 1.136904  850801.463710
169.512983 1.134916  850801.465376
169.499634 1.132928  850801.467043
169.486286 1.130938  850801.468710
169.472941 1.128948  850801.470376
169.459598 1.126956  850801.472043
169.446256 1.124963  850801.473710
169.432917 1.122970  850801.475376
169.419580 1.120975  850801.477043
169.406244 1.118979  850801.478710
169.392911 1.116982  850801.480376
169.379579 1.114984  850801.482043
169.366250 1.112985  850801.483710
169.352922 1.110985  850801.485376
169.339597 1.108984  850801.487043
169.326274 1.106982  850801.488710
169.312952 1.104979  850801.490376
169.299633 1.102975  850801.492043
169.286315 1.100970  850801.493710
169.273000 1.098964  850801.495376
169.259686 1.096956  850801.497043
169.246375 1.094948  850801.498710
169.233065 1.092939  850801.500376
169.219758 1.090929  850801.502043
169.206452 1.088917  850801.503710
169.193149 1.086905  850801.505376
169.179847 1.084891  850801.507043
169.166548 1.082877  850801.508710
169.153250 1.080862  850801.510376
169.139955 1.078845  850801.512043
169.126661 1.076827  850801.513710
169.113370 1.074809  850801.515376
169.100080 1.072789  850801.517043
169.086793 1.070769  850801.518710
169.073507 1.068747  850801.520376
169.060224 1.066724  850801.522043
169.046943 1.064701  850801.523710
169.033663 1.062676  850801.525376
169.020386 1.060650  850801.527043
169.007111 1.058623  850801.528710
168.993837 1.056596  850801.530376
168.980566 1.054567  850801.532043
168.967296 1.052537  850801.533710
168.954029 1.050506  850801.535376
168.940763 1.048474  850801.537043
168.927500 1.046441  850801.538710
168.914239 1.044407  850801.540376
168.900980 1.042373  850801.542043
168.887722 1.040337  850801.543710
168.874467 1.038300  850801.545376
168.861214 1.036262  850801.547043
168.847963 1.034223  850801.548710
168.834713 1.032182  850801.550376
168.821466 1.030141  850801.552043
168.808221 1.028099  850801.553710
168.794978 1.026056  850801.555376
168.781737 1.024012  850801.557043
168.768498 1.021967  850801.558710
168.755261 1.019921  850801.560376
168.742026 1.017874  850801.562043
168.728793 1.015826  850801.563710
168.715562 1.013777  850801.565376
168.702333 1.011726  850801.567043
168.689106 1.009675  850801.568710
168.675881 1.007623  850801.570376
168.662658 1.005570  850801.572043
168.649437 1.003516  850801.573710
168.636218 1.001460  850801.575376
168.623001 0.999404  850801.577043
168.609786 0.997347  850801.578710
168.596574 0.995289  850801.580376
168.583363 0.993229  850801.582043
168.570154 0.991169  850801.583710
168.556948 0.989108  850801.585376
168.543743 0.987045  850801.587043
168.530540 0.984982  850801.588710
168.517340 0.982918  850801.590376
168.504141 0.980853  850801.592043
168.490945 0.978786  850801.593710
168.477750 0.976719  850801.595376
168.464558 0.974651  850801.597043
168.451368 0.972581  850801.598710
168.438180 0.970511  850801.600376
168.424993 0.968440  850801.602043
168.411809 0.966368  850801.603710
168.398627 0.964294  850801.605376
168.385447 0.962220  850801.607043
168.372268 0.960145  850801.608710
168.359093 0.958068  850801.610376
168.345918 0.955991  850801.612043
168.332747 0.953913  850801.613710
168.319577 0.951833  850801.615376
168.306409 0.949753  850801.617043
168.293243 0.947672  850801.618710
168.280079 0.945590  850801.620376
168.266918 0.943506  850801.622043
168.253758 0.941422  850801.623710
168.240600 0.939337  850801.625376
168.227444 0.937251  850801.627043
168.214291 0.935163  850801.628710
168.201139 0.933075  850801.630376
168.187990 0.930986  850801.632043
168.174842 0.928896  850801.633710
168.161697 0.926805  850801.635376
168.148554 0.924712  850801.637043
168.135413 0.922619  850801.638710
168.122273 0.920525  850801.640376
168.109137 0.918430  850801.642043
168.096001 0.916334  850801.643710
168.082868 0.914237  850801.645376
168.069737 0.912138  850801.647043
168.056609 0.910039  850801.648710
168.043482 0.907939  850801.650376
168.030357 0.905838  850801.652043
168.017234 0.903736  850801.653710
168.004114 0.901633  850801.655376
167.990995 0.899529  850801.657043
167.977878 0.897424  850801.658710
167.964764 0.895318  850801.660376
167.951652 0.893211  850801.662043
167.938541 0.891103  850801.663710
167.925433 0.888994  850801.665376
167.912327 0.886884  850801.667043
167.899223 0.884773  850801.668710
167.886120 0.882662  850801.670376
167.873021 0.880549  850801.672043
167.859922 0.878435  850801.673710
167.846827 0.876320  850801.675376
167.833733 0.874204  850801.677043
167.820641 0.872088  850801.678710
167.807552 0.869970  850801.680376
167.794464 0.867851  850801.682043
167.781379 0.865731  850801.683710
167.768295 0.863611  850801.685376
167.755214 0.861489  850801.687043
167.742134 0.859367  850801.688710
167.729057 0.857243  850801.690376
167.715982 0.855118  850801.692043
167.702909 0.852993  850801.693710
167.689838 0.850866  850801.695376
167.676769 0.848739  850801.697043
167.663702 0.846611  850801.698710
167.650637 0.844481  850801.700376
167.637574 0.842351  850801.702043
167.624514 0.840219  850801.703710
167.611455 0.838087  850801.705376
167.598399 0.835954  850801.707043
167.585344 0.833820  850801.708710
167.572292 0.831684  850801.710376
167.559242 0.829548  850801.712043
167.546194 0.827411  850801.713710
167.533147 0.825273  850801.715376
167.520104 0.823134  850801.717043
167.507062 0.820994  850801.718710
167.494022 0.818853  850801.720376
167.480984 0.816711  850801.722043
167.467949 0.814568  850801.723710
167.454915 0.812424  850801.725376
167.441884 0.810280  850801.727043
167.428854 0.808134  850801.728710
167.415827 0.805987  850801.730376
167.402801 0.803839  850801.732043
167.389779 0.801691  850801.733710
167.376757 0.799541  850801.735376
167.363739 0.797390  850801.737043
167.350722 0.795239  850801.738710
167.337707 0.793086  850801.740376
167.324694 0.790933  850801.742043
167.311684 0.788779  850801.743710
167.298675 0.786623  850801.745376
167.285669 0.784467  850801.747043
167.272665 0.782310  850801.748710
167.259662 0.780151  850801.750376
167.246662 0.777992  850801.752043
167.233664 0.775832  850801.753710
167.220668 0.773671  850801.755376
167.207674 0.771509  850801.757043
167.194683 0.769346  850801.758710
167.181693 0.767182  850801.760376
167.168706 0.765017  850801.762043
167.155720 0.762851  850801.763710
167.142737 0.760685  850801.765376
167.129756 0.758517  850801.767043
167.116777 0.756348  850801.768710
167.103799 0.754179  850801.770376
167.090825 0.752008  850801.772043
167.077852 0.749837  850801.773710
167.064881 0.747664  850801.775376
167.051912 0.745491  850801.777043
167.038946 0.743316  850801.778710
167.025981 0.741141  850801.780376
167.013019 0.738965  850801.782043
167.000059 0.736788  850801.783710
166.987101 0.734610  850801.785376
166.974145 0.732431  850801.787043
166.961191 0.730251  850801.788710
166.948239 0.728070  850801.790376
166.935290 0.725888  850801.792043
166.922342 0.723705  850801.793710
166.909397 0.721521  850801.795376
166.896453 0.719337  850801.797043
166.883512 0.717151  850801.798710
166.870573 0.714964  850801.800376
166.857636 0.712777  850801.802043
166.844702 0.710588  850801.803710
166.831769 0.708399  850801.805376
166.818838 0.706209  850801.807043
166.805909 0.704018  850801.808710
166.792983 0.701825  850801.810376
166.780059 0.699632  850801.812043
166.767137 0.697438  850801.813710
166.754216 0.695243  850801.815376
166.741299 0.693047  850801.817043
166.728383 0.690850  850801.818710
166.715469 0.688653  850801.820376
166.702557 0.686454  850801.822043
166.689648 0.684254  850801.823710
166.676740 0.682054  850801.825376
166.663835 0.679852  850801.827043
166.650932 0.677650  850801.828710
166.638031 0.675447  850801.830376
166.625132 0.673242  850801.832043
166.612235 0.671037  850801.833710
166.599341 0.668831  850801.835376
166.586448 0.666624  850801.837043
166.573558 0.664416  850801.838710
166.560670 0.662207  850801.840376
166.547783 0.659997  850801.842043
166.534899 0.657787  850801.843710
166.522017 0.655575  850801.845376
166.509138 0.653362  850801.847043
166.496260 0.651149  850801.848710
166.483385 0.648934  850801.850376
166.470511 0.646719  850801.852043
166.457640 0.644503  850801.853710
166.444771 0.642286  850801.855376
166.431904 0.640068  850801.857043
166.419039 0.637848  850801.858710
166.406176 0.635629  850801.860376
166.393316 0.633408  850801.862043
166.380457 0.631186  850801.863710
166.367601 0.628963  850801.865376
166.354746 0.626740  850801.867043
166.341895 0.624515  850801.868710
166.329044 0.622290  850801.870376
166.316197 0.620063  850801.872043
166.303351 0.617836  850801.873710
166.290508 0.615608  850801.875376
166.277666 0.613379  850801.877043
166.264827 0.611149  850801.878710
166.251989 0.608918  850801.880376
166.239155 0.606686  850801.882043
166.226322 0.604453  850801.883710
166.213491 0.602220  850801.885376
166.200662 0.599985  850801.887043
166.187836 0.597750  850801.888710
166.175011 0.595513  850801.890376
166.162189 0.593276  850801.892043
166.149369 0.591038  850801.893710
166.136552 0.588799  850801.895376
166.123736 0.586559  850801.897043
166.110922 0.584318  850801.898710
166.098110 0.582076  850801.900376
166.085301 0.579833  850801.902043
166.072494 0.577590  850801.903710
166.059689 0.575345  850801.905376
166.046886 0.573100  850801.907043
166.034085 0.570853  850801.908710
166.021287 0.568606  850801.910376
166.008490 0.566358  850801.912043
165.995696 0.564109  850801.913710
165.982904 0.561859  850801.915376
165.970114 0.559608  850801.917043
165.957326 0.557356  850801.918710
165.944540 0.555104  850801.920376
165.931757 0.552850  850801.922043
165.918975 0.550596  850801.923710
165.906196 0.548341  850801.925376
165.893419 0.546084  850801.927043
165.880644 0.543827  850801.928710
165.867871 0.541569  850801.930376
165.855100 0.539310  850801.932043
165.842332 0.537050  850801.933710
165.829565 0.534790  850801.935376
165.816801 0.532528  850801.937043
165.804039 0.530266  850801.938710
165.791279 0.528002  850801.940376
165.778521 0.525738  850801.942043
165.765766 0.523473  850801.943710
165.753012 0.521207  850801.945376
165.740261 0.518940  850801.947043
165.727512 0.516672  850801.948710
165.714765 0.514403  850801.950376
165.702020 0.512134  850801.952043
165.689277 0.509863  850801.953710
165.676537 0.507592  850801.955376
165.663798 0.505320  850801.957043
165.651062 0.503046  850801.958710
165.638328 0.500772  850801.960376
165.625596 0.498497  850801.962043
165.612866 0.496222  850801.963710
165.600139 0.493945  850801.965376
165.587413 0.491667  850801.967043
165.574690 0.489389  850801.968710
165.561969 0.487110  850801.970376
165.549250 0.484829  850801.972043
165.536533 0.482548  850801.973710
165.523819 0.480266  850801.975376
165.511106 0.477983  850801.977043
165.498396 0.475700  850801.978710
165.485688 0.473415  850801.980376
165.472982 0.471129  850801.982043
165.460278 0.468843  850801.983710
165.447577 0.466556  850801.985376
165.434877 0.464268  850801.987043
165.422180 0.461979  850801.988710
165.409485 0.459689  850801.990376
165.396792 0.457398  850801.992043
165.384101 0.455106  850801.993710
165.371413 0.452814  850801.995376
165.358726 0.450520  850801.997043
165.346042 0.448226  850801.998710
165.333360 0.445931  850802.000376
165.320680 0.443635  850802.002043
165.308002 0.441338  850802.003710
165.295326 0.439040  850802.005376
165.282653 0.436742  850802.007043
165.269982 0.434442  850802.008710
165.257312 0.432142  850802.010376
165.244646 0.429840  850802.012043
165.231981 0.427538  850802.013710
165.219318 0.425235  850802.015376
165.206658 0.422931  850802.017043
165.194000 0.420627  850802.018710
165.181343 0.418321  850802.020376
165.168690 0.416015  850802.022043
165.156038 0.413707  850802.023710
165.143389 0.411399  850802.025376
165.130741 0.409090  850802.027043
165.118096 0.406780  850802.028710
165.105453 0.404469  850802.030376
165.092812 0.402158  850802.032043
165.080173 0.399845  850802.033710
165.067537 0.397532  850802.035376
165.054903 0.395218  850802.037043
165.042271 0.392903  850802.038710
165.029641 0.390587  850802.040376
165.017013 0.388270  850802.042043
165.004387 0.385952  850802.043710
164.991764 0.383634  850802.045376
164.979143 0.381314  850802.047043
164.966524 0.378994  850802.048710
164.953907 0.376673  850802.050376
164.941292 0.374351  850802.052043
164.928680 0.372028  850802.053710
164.916070 0.369704  850802.055376
164.903462 0.367380  850802.057043
164.890856 0.365054  850802.058710
164.878252 0.362728  850802.060376
164.865650 0.360401  850802.062043
164.853051 0.358073  850802.063710
164.840454 0.355744  850802.065376
164.827859 0.353415  850802.067043
164.815266 0.351084  850802.068710
164.802675 0.348753  850802.070376
164.790087 0.346421  850802.072043
164.777501 0.344088  850802.073710
164.764917 0.341754  850802.075376
164.752335 0.339419  850802.077043
164.739755 0.337083  850802.078710
164.727178 0.334747  850802.080376
164.714602 0.332409  850802.082043
164.702029 0.330071  850802.083710
164.689458 0.327732  850802.085376
164.676890 0.325393  850802.087043
164.664323 0.323052  850802.088710
164.651759 0.320710  850802.090376
164.639196 0.318368  850802.092043
164.626636 0.316025  850802.093710
164.614078 0.313681  850802.095376
164.601523 0.311336  850802.097043
164.588969 0.308990  850802.098710
164.576418 0.306643  850802.100376
164.563869 0.304296  850802.102043
164.551323 0.301948  850802.103710
164.538778 0.299599  850802.105376
164.526236 0.297249  850802.107043
164.513696 0.294898  850802.108710
164.501157 0.292546  850802.110376
164.488622 0.290194  850802.112043
164.476088 0.287840  850802.113710
164.463557 0.285486  850802.115376
164.451027 0.283131  850802.117043
164.438500 0.280775  850802.118710
164.425975 0.278419  850802.120376
164.413453 0.276061  850802.122043
164.400932 0.273703  850802.123710
164.388414 0.271344  850802.125376
164.375898 0.268984  850802.127043
164.363384 0.266623  850802.128710
164.350872 0.264261  850802.130376
164.338363 0.261899  850802.132043
164.325855 0.259535  850802.133710
164.313351 0.257171  850802.135376
164.300848 0.254806  850802.137043
164.288347 0.252441  850802.138710
164.275848 0.250074  850802.140376
164.263352 0.247706  850802.142043
164.250858 0.245338  850802.143710
164.238366 0.242969  850802.145376
164.225877 0.240599  850802.147043
164.213389 0.238228  850802.148710
164.200904 0.235857  850802.150376
164.188421 0.233484  850802.152043
164.175940 0.231111  850802.153710
164.163462 0.228737  850802.155376
164.150985 0.226362  850802.157043
164.138511 0.223986  850802.158710
164.126039 0.221610  850802.160376
164.113569 0.219232  850802.162043
164.101101 0.216854  850802.163710
164.088636 0.214475  850802.165376
164.076173 0.212095  850802.167043
164.063712 0.209715  850802.168710
164.051253 0.207333  850802.170376
164.038797 0.204951  850802.172043
164.026343 0.202568  850802.173710
164.013890 0.200184  850802.175376
164.001441 0.197799  850802.177043
163.988993 0.195413  850802.178710
163.976547 0.193027  850802.180376
163.964104 0.190640  850802.182043
163.951663 0.188252  850802.183710
163.939224 0.185863  850802.185376
163.926787 0.183473  850802.187043
163.914353 0.181083  850802.188710
163.901921 0.178692  850802.190376
163.889490 0.176299  850802.192043
163.877063 0.173907  850802.193710
163.864637 0.171513  850802.195376
163.852214 0.169118  850802.197043
163.839793 0.166723  850802.198710
163.827374 0.164327  850802.200376
163.814957 0.161930  850802.202043
163.802542 0.159532  850802.203710
163.790130 0.157133  850802.205376
163.777720 0.154734  850802.207043
163.765312 0.152334  850802.208710
163.752907 0.149933  850802.210376
163.740503 0.147531  850802.212043
163.728102 0.145128  850802.213710
163.715703 0.142725  850802.215376
163.703306 0.140321  850802.217043
163.690911 0.137916  850802.218710
163.678519 0.135510  850802.220376
163.666129 0.133103  850802.222043
163.653741 0.130696  850802.223710
163.641355 0.128287  850802.225376
163.628972 0.125878  850802.227043
163.616590 0.123469  850802.228710
163.604212 0.121058  850802.230376
163.591835 0.118647  850802.232043
163.579460 0.116234  850802.233710
163.567088 0.113821  850802.235376
163.554718 0.111407  850802.237043
163.542350 0.108993  850802.238710
163.529984 0.106577  850802.240376
163.517621 0.104161  850802.242043
163.505259 0.101744  850802.243710
163.492900 0.099326  850802.245376
163.480543 0.096907  850802.247043
163.468189 0.094488  850802.248710
163.455836 0.092068  850802.250376
163.443486 0.089647  850802.252043
163.431138 0.087225  850802.253710
163.418793 0.084802  850802.255376
163.406449 0.082379  850802.257043
163.394108 0.079955  850802.258710
163.381769 0.077530  850802.260376
163.369432 0.075104  850802.262043
163.357097 0.072677  850802.263710
163.344765 0.070250  850802.265376
163.332435 0.067822  850802.267043
163.320107 0.065393  850802.268710
163.307781 0.062963  850802.270376
163.295458 0.060533  850802.272043
163.283136 0.058101  850802.273710
163.270818 0.055669  850802.275376
163.258501 0.053236  850802.277043
163.246186 0.050803  850802.278710
163.233874 0.048368  850802.280376
163.221564 0.045933  850802.282043
163.209256 0.043497  850802.283710
163.196950 0.041060  850802.285376
163.184647 0.038622  850802.287043
163.172346 0.036184  850802.288710
163.160047 0.033745  850802.290376
163.147750 0.031305  850802.292043
163.135456 0.028864  850802.293710
163.123163 0.026423  850802.295376
163.110874 0.023980  850802.297043
163.098586 0.021537  850802.298710
163.086300 0.019093  850802.300376
